C:\Users\Miron\Desktop\Yolo\OID\Dataset\train\car\00511.jpg 601,287,881,436,0
C:\Users\Miron\Desktop\Yolo\OID\Dataset\train\car\00541.jpg 841,225,1143,408,0
C:\Users\Miron\Desktop\Yolo\OID\Dataset\train\car\00601.jpg 1431,589,1661,805,0
C:\Users\Miron\Desktop\Yolo\OID\Dataset\train\car\00691.jpg 324,81,546,331,0
C:\Users\Miron\Desktop\Yolo\OID\Dataset\train\car\00721.jpg 392,452,535,727,0
C:\Users\Miron\Desktop\Yolo\OID\Dataset\train\car\00751.jpg 489,774,651,1029,0
C:\Users\Miron\Desktop\Yolo\OID\Dataset\train\car\00841.jpg 665,0,951,81,0
C:\Users\Miron\Desktop\Yolo\OID\Dataset\train\car\00931.jpg 1649,810,1834,1050,0
C:\Users\Miron\Desktop\Yolo\OID\Dataset\train\car\01081.jpg 795,13,1012,158,0
C:\Users\Miron\Desktop\Yolo\OID\Dataset\train\car\01171.jpg 713,33,982,144,0
C:\Users\Miron\Desktop\Yolo\OID\Dataset\train\car\01441.jpg 645,50,847,147,0
C:\Users\Miron\Desktop\Yolo\OID\Dataset\train\car\01471.jpg 496,0,654,108,0 1080,0,1237,132,0
C:\Users\Miron\Desktop\Yolo\OID\Dataset\train\car\01501.jpg 866,98,1030,212,0
C:\Users\Miron\Desktop\Yolo\OID\Dataset\train\car\01531.jpg 638,81,800,191,0
C:\Users\Miron\Desktop\Yolo\OID\Dataset\train\car\01741.jpg 1104,108,1230,229,0
C:\Users\Miron\Desktop\Yolo\OID\Dataset\train\car\01771.jpg 1010,185,1135,319,0 1724,324,1799,443,0 1827,341,1884,459,0
C:\Users\Miron\Desktop\Yolo\OID\Dataset\train\car\01801.jpg 914,267,1057,351,0
C:\Users\Miron\Desktop\Yolo\OID\Dataset\train\car\01951.jpg 1338,347,1464,397,0 1424,246,1542,300,0 1630,725,1681,825,0 1670,818,1778,857,0 1684,881,1767,919,0 1846,148,1903,252,0
C:\Users\Miron\Desktop\Yolo\OID\Dataset\train\car\02011.jpg 805,910,904,1016,0 1249,473,1358,606,0 1520,621,1631,720,0 1604,787,1718,873,0
C:\Users\Miron\Desktop\Yolo\OID\Dataset\train\car\02041.jpg 1230,373,1308,498,0 1528,616,1634,706,0 1537,710,1630,791,0 881,835,960,950,0
C:\Users\Miron\Desktop\Yolo\OID\Dataset\train\car\02101.jpg 1150,135,1204,247,0 1066,712,1168,827,0 1487,965,1523,1071,0 1595,550,1714,629,0 1347,471,1451,554,0 1512,435,1634,528,0
C:\Users\Miron\Desktop\Yolo\OID\Dataset\train\car\02131.jpg 1164,608,1231,729,0 1201,348,1308,435,0 1451,296,1587,360,0 1447,374,1564,429,0 993,10,1062,119,0
C:\Users\Miron\Desktop\Yolo\OID\Dataset\train\car\02161.jpg 1778,24,1827,143,0 1343,165,1477,217,0 1251,273,1385,321,0 1027,308,1170,364,0 1170,486,1251,621,0 1719,723,1818,772,0
C:\Users\Miron\Desktop\Yolo\OID\Dataset\train\car\02191.jpg 1119,396,1230,550,0 841,271,961,348,0 1051,239,1180,332,0 1400,0,1477,110,0
C:\Users\Miron\Desktop\Yolo\OID\Dataset\train\car\02311.jpg 939,227,1020,370,0 760,402,897,454,0 500,350,632,423,0 239,305,346,366,0 1315,551,1438,627,0 1578,658,1712,759,0 1449,104,1543,169,0
C:\Users\Miron\Desktop\Yolo\OID\Dataset\train\car\02401.jpg 916,225,1008,379,0 645,378,800,459,0 408,294,508,369,0 135,239,220,278,0 1151,416,1274,524,0 1343,544,1469,641,0 1614,631,1718,702,0 946,0,1014,90,0 1447,86,1537,155,0 1566,41,1605,156,0 1624,63,1665,187,0
C:\Users\Miron\Desktop\Yolo\OID\Dataset\train\car\02521.jpg 1034,18,1110,140,0 948,348,1086,418,0 1128,376,1224,489,0 1296,518,1405,597,0 467,342,586,427,0
C:\Users\Miron\Desktop\Yolo\OID\Dataset\train\car\02581.jpg 991,127,1056,252,0 997,358,1114,425,0 784,387,901,445,0 203,261,296,335,0 1465,90,1546,165,0 1579,49,1610,162,0 1628,72,1670,189,0 1162,423,1259,510,0
C:\Users\Miron\Desktop\Yolo\OID\Dataset\train\car\02671.jpg 670,369,810,440,0 442,334,559,390,0 904,356,1022,423,0 959,182,1035,309,0 964,0,1029,82,0 1451,75,1529,169,0
C:\Users\Miron\Desktop\Yolo\OID\Dataset\train\car\02731.jpg 896,283,979,376,0 648,348,767,423,0 406,318,525,377,0 208,272,304,331,0
C:\Users\Miron\Desktop\Yolo\OID\Dataset\train\car\02881.jpg 944,186,1031,307,0 1165,442,1272,529,0 851,762,979,838,0
C:\Users\Miron\Desktop\Yolo\OID\Dataset\train\car\02971.jpg 877,362,987,413,0 662,390,789,448,0 1251,810,1355,873,0 945,2,1029,94,0
C:\Users\Miron\Desktop\Yolo\OID\Dataset\train\car\03001.jpg 967,0,1034,94,0 760,341,880,406,0 532,364,639,430,0 1383,861,1489,910,0
C:\Users\Miron\Desktop\Yolo\OID\Dataset\train\car\03031.jpg 634,338,738,397,0 424,321,515,397,0 1515,885,1597,948,0 1469,110,1560,178,0 1583,52,1617,161,0 968,0,1010,76,0
C:\Users\Miron\Desktop\Yolo\OID\Dataset\train\car\03151.jpg 983,117,1055,255,0 148,210,204,256,0 22,189,86,241,0 1459,97,1556,183,0
C:\Users\Miron\Desktop\Yolo\OID\Dataset\train\car\03211.jpg 1022,49,1079,168,0 883,269,976,396,0 966,0,1031,97,0 1470,97,1541,173,0 1577,51,1610,169,0 1632,72,1658,207,0
C:\Users\Miron\Desktop\Yolo\OID\Dataset\train\car\03391.jpg 1042,0,1097,90,0 817,362,917,451,0 553,344,660,413,0 269,242,351,297,0 961,0,1022,80,0
C:\Users\Miron\Desktop\Yolo\OID\Dataset\train\car\03421.jpg 1000,52,1079,185,0 700,406,845,472,0 425,310,524,379,0 173,217,262,269,0
C:\Users\Miron\Desktop\Yolo\OID\Dataset\train\car\03511.jpg 1024,11,1100,124,0 814,328,927,423,0 355,306,446,368,0 110,223,171,261,0
C:\Users\Miron\Desktop\Yolo\OID\Dataset\train\car\03541.jpg 976,121,1039,211,0 704,378,834,438,0 235,266,328,321,0 25,196,89,240,0 1458,99,1548,172,0
C:\Users\Miron\Desktop\Yolo\OID\Dataset\train\car\03571.jpg 960,0,1014,79,0 928,210,987,331,0 600,375,713,434,0 120,227,215,287,0
C:\Users\Miron\Desktop\Yolo\OID\Dataset\train\car\03631.jpg 751,364,849,447,0 332,286,432,356,0
C:\Users\Miron\Desktop\Yolo\OID\Dataset\train\car\03661.jpg 628,376,736,437,0 204,256,304,316,0
C:\Users\Miron\Desktop\Yolo\OID\Dataset\train\car\03691.jpg 515,345,624,416,0 98,224,177,269,0 959,6,1021,76,0
C:\Users\Miron\Desktop\Yolo\OID\Dataset\train\car\03721.jpg 383,311,472,375,0 25,209,75,247,0
C:\Users\Miron\Desktop\Yolo\OID\Dataset\train\car\03931.jpg 935,227,994,338,0
C:\Users\Miron\Desktop\Yolo\OID\Dataset\train\car\03991.jpg 813,424,914,534,0
C:\Users\Miron\Desktop\Yolo\OID\Dataset\train\car\04021.jpg 791,524,844,638,0
C:\Users\Miron\Desktop\Yolo\OID\Dataset\train\car\04051.jpg 787,627,858,738,0
C:\Users\Miron\Desktop\Yolo\OID\Dataset\train\car\04081.jpg 817,723,918,823,0
C:\Users\Miron\Desktop\Yolo\OID\Dataset\train\car\04111.jpg 893,773,1014,868,0
C:\Users\Miron\Desktop\Yolo\OID\Dataset\train\car\04171.jpg 1129,807,1231,852,0
C:\Users\Miron\Desktop\Yolo\OID\Dataset\train\car\04201.jpg 1262,811,1367,858,0
C:\Users\Miron\Desktop\Yolo\OID\Dataset\train\car\04231.jpg 1398,813,1498,868,0
C:\Users\Miron\Desktop\Yolo\OID\Dataset\train\car\04291.jpg 1660,855,1727,917,0 11,371,97,435,0
C:\Users\Miron\Desktop\Yolo\OID\Dataset\train\car\04321.jpg 1058,0,1097,100,0 969,0,1015,94,0 131,418,213,487,0 1744,875,1825,942,0 1866,744,1919,794,0
C:\Users\Miron\Desktop\Yolo\OID\Dataset\train\car\04351.jpg 1798,721,1903,797,0 1824,909,1898,969,0 229,461,334,528,0 1028,47,1104,161,0 1487,100,1558,171,0 1583,62,1625,176,0 1642,83,1676,200,0 960,0,1042,89,0
C:\Users\Miron\Desktop\Yolo\OID\Dataset\train\car\04411.jpg 473,578,631,644,0 939,217,1024,345,0 1051,0,1094,82,0 959,0,1024,106,0 1634,672,1738,744,0
C:\Users\Miron\Desktop\Yolo\OID\Dataset\train\car\04441.jpg 1022,44,1083,159,0 886,314,991,440,0 630,641,740,701,0 1534,627,1642,723,0
C:\Users\Miron\Desktop\Yolo\OID\Dataset\train\car\04531.jpg 875,338,955,444,0 1231,490,1356,597,0 1125,814,1242,872,0 798,602,855,717,0
C:\Users\Miron\Desktop\Yolo\OID\Dataset\train\car\04561.jpg 822,425,915,541,0 1172,414,1283,521,0 814,689,903,810,0 1303,816,1428,889,0
C:\Users\Miron\Desktop\Yolo\OID\Dataset\train\car\04681.jpg 753,351,898,407,0 841,775,949,862,0 1021,792,1167,862,0
C:\Users\Miron\Desktop\Yolo\OID\Dataset\train\car\04801.jpg 1018,47,1079,152,0 1205,518,1260,633,0 1231,818,1351,868,0 348,300,448,375,0 945,0,1017,85,0
C:\Users\Miron\Desktop\Yolo\OID\Dataset\train\car\04831.jpg 946,144,1046,256,0 1153,431,1238,545,0 1362,834,1467,900,0 227,279,346,318,0
C:\Users\Miron\Desktop\Yolo\OID\Dataset\train\car\04891.jpg 788,353,902,426,0 1056,354,1163,445,0 1598,902,1673,976,0 63,200,139,268,0
C:\Users\Miron\Desktop\Yolo\OID\Dataset\train\car\05071.jpg 727,399,829,447,0 505,328,600,390,0 117,234,179,272,0
C:\Users\Miron\Desktop\Yolo\OID\Dataset\train\car\05101.jpg 976,0,1031,94,0 596,379,700,434,0 403,285,500,348,0 11,180,72,228,0
C:\Users\Miron\Desktop\Yolo\OID\Dataset\train\car\05161.jpg 344,293,441,359,0 203,227,286,282,0
C:\Users\Miron\Desktop\Yolo\OID\Dataset\train\car\05461.jpg 1335,547,1467,634,0 976,144,1015,251,0
C:\Users\Miron\Desktop\Yolo\OID\Dataset\train\car\05521.jpg 1020,72,1056,178,0 1173,430,1287,523,0 814,331,917,410,0
C:\Users\Miron\Desktop\Yolo\OID\Dataset\train\car\05551.jpg 1117,371,1246,479,0 984,147,1059,247,0 707,389,810,427,0
C:\Users\Miron\Desktop\Yolo\OID\Dataset\train\car\05581.jpg 1065,333,1186,438,0 931,227,1014,344,0 566,349,670,417,0 1863,741,1919,792,0
C:\Users\Miron\Desktop\Yolo\OID\Dataset\train\car\05611.jpg 1791,709,1876,773,0 1005,344,1134,409,0 852,323,934,416,0 470,337,549,386,0
C:\Users\Miron\Desktop\Yolo\OID\Dataset\train\car\05731.jpg 915,237,1015,349,0 660,358,777,418,0 376,292,472,351,0 1387,564,1483,634,0 0,207,53,244,0 980,0,1046,86,0
C:\Users\Miron\Desktop\Yolo\OID\Dataset\train\car\05821.jpg 1014,94,1104,220,0 1146,410,1263,506,0 807,579,863,710,0 297,237,396,303,0 42,169,105,199,0 1487,100,1579,164,0
C:\Users\Miron\Desktop\Yolo\OID\Dataset\train\car\05851.jpg 1091,362,1197,448,0 1842,766,1919,821,0 836,707,918,800,0 998,127,1070,258,0 190,209,291,273,0
C:\Users\Miron\Desktop\Yolo\OID\Dataset\train\car\05911.jpg 1689,694,1763,751,0 1817,699,1903,768,0 846,362,963,410,0 948,175,1039,296,0 8,171,76,214,0 1042,807,1163,873,0 956,2,1032,85,0
C:\Users\Miron\Desktop\Yolo\OID\Dataset\train\car\06091.jpg 1259,480,1370,571,0 1065,373,1162,445,0 887,328,953,424,0 451,275,563,337,0 79,196,152,233,0 1782,904,1856,961,0 970,0,1034,82,0
C:\Users\Miron\Desktop\Yolo\OID\Dataset\train\car\06301.jpg 253,414,359,472,0 210,203,275,242,0 398,262,490,321,0 1073,0,1121,59,0 984,0,1024,78,0 1177,790,1283,859,0
C:\Users\Miron\Desktop\Yolo\OID\Dataset\train\car\07141.jpg 1135,820,1272,871,0 746,373,880,425,0 951,241,1031,341,0 1015,100,1089,196,0 1484,111,1556,173,0 1598,72,1632,162,0 1638,98,1670,187,0 989,0,1024,76,0
C:\Users\Miron\Desktop\Yolo\OID\Dataset\train\car\DJI-00760-00001.jpg 810,462,838,535,0 884,519,917,593,0 766,588,800,666,0 810,641,846,718,0 933,643,969,712,0 763,315,793,386,0 807,275,840,345,0 886,245,916,318,0 714,81,748,154,0 1305,520,1382,555,0 1427,528,1499,563,0 1322,572,1392,605,0 1416,579,1490,614,0 1603,503,1677,539,0 1694,513,1762,546,0 1560,548,1625,582,0 1771,572,1848,607,0 391,652,463,692,0 393,705,465,743,0 626,743,698,787,0 800,854,835,929,0 898,779,933,854,0 958,1016,989,1078,0
C:\Users\Miron\Desktop\Yolo\OID\Dataset\train\car\DJI-00760-00002.jpg 763,318,795,386,0 808,276,840,346,0 885,242,917,314,0 810,465,839,538,0 883,516,916,588,0 812,647,841,718,0 935,642,968,707,0 767,591,799,667,0 390,652,464,693,0 393,704,466,743,0 627,743,696,786,0 898,775,934,850,0 801,859,834,931,0 959,1015,990,1078,0 715,86,747,157,0 1305,521,1380,556,0 1323,573,1390,604,0 1414,579,1489,612,0 1427,529,1499,562,0 1560,548,1621,582,0 1604,502,1678,541,0 1695,513,1762,544,0 1769,571,1847,609,0
C:\Users\Miron\Desktop\Yolo\OID\Dataset\train\car\DJI-00760-00003.jpg 752,113,780,182,0 895,423,926,493,0 807,328,837,389,0 674,352,719,420,0 767,489,798,553,0 812,601,842,671,0 906,727,939,788,0 776,760,808,832,0 466,519,533,560,0 392,654,464,693,0 394,708,466,743,0 771,1011,804,1078,0 1307,524,1381,558,0 1428,530,1499,566,0 1532,545,1597,580,0 1416,581,1491,615,0 1325,574,1392,607,0 1451,649,1513,682,0 1689,565,1769,600,0 1606,507,1678,542,0 1696,516,1764,547,0 1803,534,1873,573,0 1820,578,1905,619,0
C:\Users\Miron\Desktop\Yolo\OID\Dataset\train\car\DJI-00760-00013.jpg 127,766,200,802,0 285,673,358,713,0 390,646,461,683,0 230,571,306,617,0 796,505,825,572,0 936,583,969,648,0 871,258,900,329,0 758,275,792,347,0 962,801,986,875,0 1312,504,1383,539,0 1427,514,1504,547,0 1553,536,1624,566,0 1683,553,1760,588,0
C:\Users\Miron\Desktop\Yolo\OID\Dataset\train\car\DJI-00760-00014.jpg 1467,667,1540,700,0 1353,554,1427,593,0 1312,501,1384,532,0 1425,510,1504,545,0 1526,527,1601,560,0 1688,547,1762,582,0 1772,502,1844,537,0 285,673,357,712,0 390,645,459,682,0 125,769,200,806,0 17,800,91,845,0 693,86,722,157,0 745,75,776,151,0 787,52,818,123,0
C:\Users\Miron\Desktop\Yolo\OID\Dataset\train\car\DJI-00760-00021.jpg 790,63,823,141,0 742,146,777,211,0 799,282,828,352,0 755,324,790,393,0 927,387,961,456,0 1015,379,1081,435,0 1114,434,1189,474,0 1320,518,1392,552,0 1306,566,1375,597,0 1576,589,1650,620,0 1539,539,1614,571,0 1476,473,1546,503,0 771,673,805,750,0 816,616,847,683,0 900,617,931,690,0 912,813,946,884,0 967,947,1003,1023,0 879,990,916,1070,0 225,716,298,754,0 334,685,406,731,0 421,657,496,698,0 390,733,463,776,0 520,502,584,556,0 953,726,989,801,0
C:\Users\Miron\Desktop\Yolo\OID\Dataset\train\car\DJI-00760-00022.jpg 3,768,83,817,0 39,814,113,859,0 225,719,298,755,0 334,688,408,731,0 422,659,496,700,0 389,733,466,777,0 469,525,537,570,0 749,369,780,437,0 796,248,827,320,0 896,34,930,106,0 973,301,1025,370,0 901,397,932,467,0 1120,426,1186,464,0 1264,455,1337,487,0 1386,475,1462,508,0 1323,519,1394,551,0 1434,528,1505,558,0 1414,576,1491,606,0 1308,567,1376,598,0 1535,590,1612,619,0 1557,537,1633,568,0 1647,545,1726,578,0 1245,645,1317,676,0 1063,633,1140,684,0 909,620,943,691,0 817,675,853,758,0 772,853,808,925,0 833,929,867,1003,0 918,841,953,913,0 881,993,919,1076,0
C:\Users\Miron\Desktop\Yolo\OID\Dataset\train\car\DJI-00760-00023.jpg 618,439,683,503,0 334,576,417,627,0 420,662,497,703,0 818,643,857,717,0 907,682,941,746,0 704,175,733,244,0 957,203,994,275,0 870,82,900,147,0 1330,471,1406,502,0 1325,522,1398,551,0 1312,567,1381,599,0 1419,575,1494,606,0 1539,589,1610,621,0 1563,535,1640,573,0 1654,543,1731,580,0 1438,528,1511,560,0 51,817,126,857,0 108,746,188,793,0 224,723,295,760,0 332,690,408,736,0 390,736,465,782,0 778,792,813,871,0 927,882,962,958,0 842,961,877,1040,0 882,996,918,1073,0
C:\Users\Miron\Desktop\Yolo\OID\Dataset\train\car\DJI-00760-00032.jpg 844,25,877,100,0 776,97,809,166,0 800,440,831,510,0 685,304,717,377,0 229,728,303,768,0 23,847,90,892,0 190,800,259,839,0 377,750,453,789,0 819,878,862,964,0 915,799,953,874,0 979,926,1014,1007,0 893,981,931,1057,0 1317,559,1386,595,0 1584,674,1657,712,0
C:\Users\Miron\Desktop\Yolo\OID\Dataset\train\car\DJI-00760-00039.jpg 312,543,387,586,0 111,765,192,808,0 230,735,299,774,0 317,712,394,754,0 222,676,298,720,0 462,607,539,650,0 703,549,772,591,0 754,480,835,522,0 909,575,978,614,0 614,688,692,734,0 920,916,953,991,0 975,942,1010,1015,0 1010,511,1088,539,0 1143,551,1216,583,0 1106,637,1175,670,0 1343,510,1418,539,0 1688,536,1768,569,0 1489,619,1559,652,0 725,116,758,183,0 771,107,802,181,0 1850,668,1917,705,0 1712,623,1791,660,0
C:\Users\Miron\Desktop\Yolo\OID\Dataset\train\car\DJI_0005-0018.jpg 505,677,590,712,0 511,627,600,664,0 385,617,473,658,0 274,615,352,651,0 601,473,679,520,0 1080,464,1115,527,0 1004,437,1038,517,0 796,361,866,441,0 880,235,924,310,0 925,29,965,106,0 268,725,358,763,0 1272,641,1348,680,0 1413,596,1491,629,0 1365,545,1442,581,0 1401,502,1476,534,0 1495,504,1576,537,0 1482,543,1565,577,0 1587,544,1674,580,0 1699,542,1784,577,0
C:\Users\Miron\Desktop\Yolo\OID\Dataset\train\car\DJI_0005-0019.jpg 1000,456,1045,536,0 1363,545,1444,586,0 1398,503,1477,538,0 1085,200,1124,270,0 834,327,897,401,0 703,431,789,491,0 468,487,546,526,0 385,618,474,657,0 514,629,601,665,0 122,612,224,654,0 275,616,353,653,0 253,521,356,563,0 907,125,947,205,0 1407,595,1492,629,0 1480,546,1565,578,0 1586,544,1674,584,0 1383,651,1457,686,0 1699,542,1783,578,0 1828,544,1917,581,0
C:\Users\Miron\Desktop\Yolo\OID\Dataset\train\car\DJI_0005-0041.jpg 1093,343,1151,424,0 789,551,867,585,0 350,621,440,655,0 860,637,931,673,0 1050,643,1124,678,0 293,522,380,561,0 214,721,295,757,0 37,659,117,691,0 1369,667,1440,700,0 1200,685,1278,720,0 1391,599,1471,632,0 1548,549,1631,581,0 1170,551,1249,586,0 1558,650,1633,683,0 979,61,1017,137,0
C:\Users\Miron\Desktop\Yolo\OID\Dataset\train\car\DJI_0005-0070.jpg 470,627,557,667,0 973,57,1017,138,0 1536,689,1616,727,0
C:\Users\Miron\Desktop\Yolo\OID\Dataset\train\car\DJI_0005-0071.jpg 471,629,554,665,0 1664,688,1735,723,0 976,60,1015,138,0
C:\Users\Miron\Desktop\Yolo\OID\Dataset\train\car\DJI_0005-0078.jpg 472,629,558,662,0 993,777,1052,868,0 1433,554,1523,592,0 1115,981,1164,1071,0 975,59,1014,137,0 916,26,955,109,0
C:\Users\Miron\Desktop\Yolo\OID\Dataset\train\car\DJI_0005-0090.jpg 31,516,126,556,0 334,448,423,496,0 614,492,695,538,0 797,567,881,637,0 475,625,559,660,0 488,673,568,712,0 909,925,965,1003,0 1123,430,1202,494,0 1398,495,1486,533,0 1400,546,1488,584,0 1511,537,1593,571,0 1559,492,1639,528,0 1615,542,1699,577,0 1746,539,1827,574,0 912,25,953,104,0 971,56,1013,135,0
C:\Users\Miron\Desktop\Yolo\OID\Dataset\train\car\DJI_0005-0118.jpg 426,487,518,526,0 480,623,565,657,0 489,672,571,710,0 634,444,723,492,0 943,532,983,610,0 731,742,814,792,0 966,761,1012,845,0 1399,488,1489,527,0 1403,541,1493,580,0 1515,531,1598,564,0 1519,486,1602,522,0 1638,486,1729,524,0 1622,533,1704,571,0 1725,533,1805,566,0 1723,584,1808,618,0 1789,484,1877,524,0 1817,533,1906,574,0
C:\Users\Miron\Desktop\Yolo\OID\Dataset\train\car\DJI_0005-0124.jpg 482,622,565,656,0 489,671,570,709,0 501,721,584,755,0 1397,486,1487,526,0 1518,484,1599,521,0 1635,484,1727,523,0 1788,485,1874,521,0 1816,532,1904,570,0 1723,584,1805,615,0 1515,530,1596,562,0 1404,540,1490,577,0 1621,532,1702,568,0 1723,532,1802,564,0
C:\Users\Miron\Desktop\Yolo\OID\Dataset\train\car\DJI_0005-0127.jpg 76,706,171,747,0 329,725,419,763,0 499,669,582,709,0 505,620,587,657,0 777,761,855,819,0 1384,538,1474,575,0 1356,488,1440,523,0 1515,483,1594,519,0 1631,485,1722,523,0 1508,528,1589,563,0 1621,531,1702,564,0 1723,531,1802,562,0 1722,584,1805,612,0 1830,583,1913,617,0 1817,532,1904,570,0 1789,482,1874,520,0
C:\Users\Miron\Desktop\Yolo\OID\Dataset\train\car\DJI_0005-0147.jpg 789,529,872,564,0 385,517,472,554,0 496,668,574,704,0 147,662,232,698,0 1454,513,1536,546,0 1619,581,1701,612,0 1726,579,1809,614,0 1167,670,1244,708,0 1177,807,1221,887,0
C:\Users\Miron\Desktop\Yolo\OID\Dataset\train\car\DJI_0005-0165.jpg 1071,533,1148,570,0 1281,596,1367,637,0 803,347,866,423,0 373,527,457,564,0 1430,531,1500,563,0 1566,582,1643,613,0 1110,683,1182,747,0 971,12,1013,95,0 496,729,582,763,0
C:\Users\Miron\Desktop\Yolo\OID\Dataset\train\car\DJI_0005-0166.jpg 1045,758,1108,832,0 1190,621,1269,675,0 1155,533,1223,565,0 806,532,882,568,0 741,402,815,465,0 58,518,145,554,0 495,727,581,761,0 1489,583,1565,614,0 1714,526,1789,563,0 970,21,1011,104,0
C:\Users\Miron\Desktop\Yolo\OID\Dataset\train\car\DJI_0005-0169.jpg 286,518,357,555,0 384,425,462,462,0 496,725,583,760,0 1055,534,1130,570,0 1194,611,1271,660,0 1016,834,1065,916,0 1393,576,1475,610,0 971,20,1012,102,0
C:\Users\Miron\Desktop\Yolo\OID\Dataset\train\car\DJI_0005-0175.jpg 500,722,585,758,0 972,20,1012,100,0 1825,529,1903,563,0
C:\Users\Miron\Desktop\Yolo\OID\Dataset\train\car\DJI_0005-0176.jpg 493,725,585,762,0 1722,528,1807,567,0 970,15,1019,107,0 1120,981,1174,1067,0
C:\Users\Miron\Desktop\Yolo\OID\Dataset\train\car\DJI_0005-0185.jpg 67,514,160,553,0 470,537,556,570,0 1196,451,1264,496,0 1305,685,1382,733,0 1414,529,1492,565,0 1583,525,1659,559,0 1802,518,1884,552,0 1105,821,1148,907,0 912,885,972,966,0 1052,941,1100,1029,0 1176,891,1218,977,0 970,16,1011,105,0
C:\Users\Miron\Desktop\Yolo\OID\Dataset\train\car\DJI_0005-0186.jpg 1015,800,1069,888,0 1095,719,1138,805,0 1182,805,1232,890,0 925,966,966,1050,0 972,22,1012,104,0 1197,451,1265,498,0 1407,530,1486,565,0 1406,677,1485,713,0 1553,526,1629,560,0 1741,518,1824,553,0 275,531,362,565,0
C:\Users\Miron\Desktop\Yolo\OID\Dataset\train\car\DJI_0005-0202.jpg 363,603,443,640,0 470,609,551,645,0 463,667,546,707,0 948,417,984,498,0 949,690,1000,778,0 1000,287,1038,371,0 1172,423,1243,476,0 938,924,993,1008,0 1409,475,1487,516,0 1405,518,1484,555,0 1526,516,1605,550,0 1523,471,1603,503,0 1655,506,1741,543,0 1423,566,1504,603,0 1764,513,1849,551,0 1189,992,1232,1065,0
C:\Users\Miron\Desktop\Yolo\OID\Dataset\train\car\DJI_0005-0204.jpg 367,603,444,642,0 472,610,551,647,0 466,668,547,703,0 891,283,926,363,0 1003,428,1047,515,0 1120,370,1181,428,0 980,744,1023,828,0 961,170,994,243,0 978,0,1017,70,0 1190,798,1236,872,0 1409,474,1489,511,0 1407,516,1485,552,0 1425,563,1508,601,0 1531,511,1607,548,0 1523,469,1604,503,0 1660,503,1742,540,0 1768,511,1851,548,0
C:\Users\Miron\Desktop\Yolo\OID\Dataset\train\car\DJI_0007.jpg 815,665,887,727,0 960,858,1003,938,0 1453,559,1539,606,0 856,137,894,210,0 903,94,943,180,0 902,0,944,49,0 49,797,143,845,0 75,853,161,901,0 192,822,284,876,0 198,768,281,816,0 303,743,383,788,0 320,791,412,837,0 461,708,543,756,0
C:\Users\Miron\Desktop\Yolo\OID\Dataset\train\car\DJI_0008.jpg 711,664,785,701,0 426,689,511,735,0 198,660,287,714,0 140,534,223,590,0 148,745,231,790,0 476,497,544,570,0 564,324,610,393,0 478,97,516,179,0 432,143,467,208,0 577,34,619,111,0 967,621,1037,658,0 1001,557,1075,597,0 1008,510,1085,548,0 1136,527,1210,568,0 1292,756,1370,797,0 1338,605,1412,646,0 1189,638,1264,679,0 1079,628,1155,669,0 1087,571,1173,613,0 1236,537,1316,578,0 1518,624,1596,664,0 1669,646,1753,691,0 1810,624,1896,672,0 1826,682,1909,728,0 1601,586,1680,626,0 477,0,516,55,0 1193,588,1275,627,0
C:\Users\Miron\Desktop\Yolo\OID\Dataset\train\car\DJI_0010.jpg 1212,791,1298,834,0 1600,870,1675,913,0 1678,835,1757,878,0
C:\Users\Miron\Desktop\Yolo\OID\Dataset\train\car\DJI_0011.jpg 1262,739,1344,781,0 1384,748,1462,791,0 1332,792,1404,833,0 1753,741,1834,787,0
C:\Users\Miron\Desktop\Yolo\OID\Dataset\train\car\DJI_0012.jpg 681,569,764,610,0 1129,546,1207,591,0 1483,643,1570,694,0 1650,661,1739,710,0
C:\Users\Miron\Desktop\Yolo\OID\Dataset\train\car\DJI_0013-0023.jpg 142,664,235,714,0 277,636,356,682,0 260,697,347,745,0 388,668,469,712,0 420,609,503,656,0 553,569,633,613,0 498,647,567,690,0 944,656,995,722,0 1051,201,1086,276,0 1472,506,1554,547,0 1570,511,1651,549,0 823,10,862,87,0
C:\Users\Miron\Desktop\Yolo\OID\Dataset\train\car\DJI_0013-0028.jpg 157,786,240,828,0 236,705,324,752,0 1098,543,1175,579,0 902,576,974,611,0 1471,389,1554,426,0 1470,444,1561,488,0 1460,509,1538,545,0 1557,517,1635,553,0 1581,469,1663,509,0 1652,421,1749,464,0 1687,476,1769,514,0 1564,402,1636,441,0 1767,431,1849,472,0 1799,493,1888,536,0 994,968,1029,1049,0
C:\Users\Miron\Desktop\Yolo\OID\Dataset\train\car\DJI_0013-0036.jpg 876,304,906,382,0 927,255,959,329,0 1011,298,1049,383,0 1082,236,1119,316,0 926,401,963,477,0 511,585,596,632,0 275,646,360,710,0 388,621,466,665,0 360,680,433,727,0 450,651,538,701,0 735,699,821,755,0 1026,672,1063,745,0 1044,927,1081,1009,0 997,946,1031,1027,0 946,987,984,1072,0
C:\Users\Miron\Desktop\Yolo\OID\Dataset\train\car\DJI_0014.jpg 869,422,927,483,0 1008,358,1041,413,0 1056,472,1096,535,0 1014,570,1047,638,0 1047,767,1087,837,0 1134,945,1175,1016,0 566,602,635,624,0 970,227,1004,291,0 994,51,1032,121,0 1056,331,1085,401,0 1102,341,1139,410,0 1380,516,1436,546,0 1383,480,1449,505,0 1462,476,1525,507,0 1547,477,1611,501,0 1619,475,1689,504,0 1380,554,1443,585,0 1458,557,1525,584,0 1384,629,1453,664,0 1611,512,1678,538,0 1526,513,1594,540,0 1454,513,1520,541,0 1691,505,1761,535,0 1783,502,1858,531,0 1726,541,1786,576,0 1808,543,1876,568,0 0,678,66,707,0
C:\Users\Miron\Desktop\Yolo\OID\Dataset\train\car\DJI_0015.jpg 145,594,226,631,0 204,487,271,521,0 670,469,733,502,0 826,455,890,504,0 1022,399,1056,455,0 1032,174,1062,237,0 1224,579,1291,618,0 1362,603,1423,634,0 766,687,835,714,0 612,687,684,716,0 576,600,640,629,0 1136,946,1177,1016,0 1387,557,1448,588,0 1459,554,1526,587,0 1384,520,1443,546,0 1458,512,1523,546,0 1534,516,1600,543,0 1615,514,1686,541,0 1695,506,1766,537,0 1386,477,1451,507,0 1467,476,1533,509,0 1548,477,1620,507,0 1625,476,1692,503,0 1788,504,1866,537,0 1729,544,1794,574,0 1810,540,1880,569,0
C:\Users\Miron\Desktop\Yolo\OID\Dataset\train\car\DJI_0019.jpg 1096,881,1121,936,0 1077,727,1100,768,0 1120,665,1142,698,0 1123,545,1140,572,0 1123,458,1140,484,0 1127,285,1141,306,0 1166,321,1179,340,0 1128,373,1144,397,0
C:\Users\Miron\Desktop\Yolo\OID\Dataset\train\car\DJI_0020.jpg 1117,534,1142,575,0 1091,492,1111,530,0 1159,443,1180,478,0 1181,595,1210,638,0 1077,811,1104,864,0 1109,898,1135,954,0 1035,879,1062,930,0 1074,869,1103,917,0 1072,924,1099,969,0 1027,948,1057,1003,0 1067,984,1093,1038,0 1020,1012,1051,1074,0
C:\Users\Miron\Desktop\Yolo\OID\Dataset\train\car\DJI_0021.jpg 1101,428,1128,472,0 1070,429,1095,476,0 1091,495,1117,544,0 1048,560,1077,602,0 1090,548,1115,591,0 1084,597,1112,645,0 1039,620,1072,671,0 1076,655,1103,702,0 1035,679,1062,737,0 1072,710,1100,766,0 1106,708,1136,770,0 1020,745,1051,807,0 1062,800,1092,864,0 1106,790,1134,847,0 1014,825,1045,886,0 1052,884,1082,939,0 1099,877,1133,943,0 1009,895,1039,963,0 1220,49,1239,81,0
C:\Users\Miron\Desktop\Yolo\OID\Dataset\train\car\DJI_0022.jpg 532,849,603,879,0 801,845,872,885,0 255,998,322,1027,0 540,997,616,1036,0 647,1000,732,1040,0 575,951,643,989,0 668,958,730,991,0 1501,846,1578,879,0 1146,532,1176,584,0 1192,273,1227,328,0 1102,460,1134,523,0 1053,468,1081,520,0 1011,480,1042,540,0 1018,411,1051,468,0 1063,387,1099,448,0 1111,375,1139,432,0 1112,298,1145,361,0 1027,331,1060,394,0 1041,264,1072,322,0 1085,240,1117,290,0 1051,201,1080,256,0 1097,179,1126,226,0 1080,298,1108,352,0 1060,132,1090,183,0 1103,123,1137,172,0 1106,65,1140,118,0 1118,0,1146,60,0
C:\Users\Miron\Desktop\Yolo\OID\Dataset\train\car\DJI_0026.jpg 1590,1130,1624,1176,0 1603,1110,1632,1150,0 1705,1064,1736,1111,0 1769,1041,1801,1082,0 1789,1038,1818,1077,0 1803,1026,1832,1069,0 1740,1154,1769,1176,0 1746,1173,1783,1196,0 1758,1192,1794,1219,0 1832,1165,1869,1188,0 1846,1109,1881,1136,0 1855,1010,1881,1048,0 1869,1003,1901,1044,0 1764,1290,1800,1315,0 1777,1235,1813,1259,0 1732,1229,1768,1255,0 1836,1339,1873,1364,0 1722,1385,1757,1412,0 1864,1390,1891,1433,0 1838,1399,1862,1437,0 1865,1223,1903,1249,0 1883,1169,1914,1195,0
C:\Users\Miron\Desktop\Yolo\OID\Dataset\train\car\DJI_0030.jpg 1303,820,1317,839,0 1323,817,1338,837,0 1308,767,1320,784,0
C:\Users\Miron\Desktop\Yolo\OID\Dataset\train\car\DJI_0031.jpg 1257,953,1284,989,0 1261,865,1283,905,0 1228,827,1251,862,0 1232,745,1251,771,0 1256,726,1272,751,0 1258,768,1276,795,0 1186,603,1201,625,0 1210,626,1226,649,0 1182,627,1200,651,0 1220,307,1230,319,0 1236,268,1246,278,0 1210,243,1218,253,0
C:\Users\Miron\Desktop\Yolo\OID\Dataset\train\car\DJI_0265.jpg 1114,71,1150,90,0 1156,69,1193,88,0 1200,65,1236,83,0 1235,62,1274,84,0 1293,63,1342,84,0 1179,173,1215,191,0 1759,38,1793,54,0 1816,66,1856,84,0 1771,68,1806,84,0 1845,90,1877,108,0 1759,196,1800,214,0 776,324,793,358,0 876,440,893,476,0 914,524,930,558,0 920,631,938,669,0 925,681,940,717,0 926,736,943,775,0 705,645,740,661,0 706,660,742,679,0 709,683,740,698,0 708,701,743,717,0 708,721,744,739,0 710,742,745,756,0 711,761,746,776,0 720,780,756,800,0 932,883,952,920,0 944,1112,962,1153,0 949,1166,968,1207,0 942,1371,962,1415,0 841,1357,860,1396,0 1264,1392,1297,1428,0 1292,1353,1322,1392,0 1351,1372,1387,1395,0 1392,1370,1428,1391,0 1322,1403,1340,1438,0 4,129,31,148,0 166,193,204,212,0 315,181,360,205,0
C:\Users\Miron\Desktop\Yolo\OID\Dataset\train\car\DJI_0267.jpg 819,1014,851,1043,0 832,1028,864,1058,0 844,1046,874,1074,0 853,1062,886,1092,0 864,1080,899,1109,0 876,1096,910,1126,0 890,1113,921,1143,0 910,1123,939,1155,0 1145,1110,1175,1144,0 1316,1340,1348,1377,0 1278,1296,1311,1333,0 718,709,746,742,0 922,438,955,468,0 891,302,927,334,0 928,279,964,309,0 968,258,999,284,0 998,239,1033,268,0 1055,206,1095,236,0 1394,126,1428,150,0 1527,114,1562,142,0 1363,65,1396,92,0 1403,16,1434,42,0 1452,12,1489,41,0 503,354,531,386,0 580,247,598,279,0 528,170,552,204,0 515,138,537,178,0 500,114,522,147,0 370,137,399,174,0 457,52,487,83,0 447,32,475,62,0 368,19,397,53,0 292,176,317,213,0 277,157,304,194,0 204,22,230,63,0 215,50,241,85,0 230,65,257,108,0 1718,1312,1739,1347,0 1717,1355,1738,1394,0 1760,1340,1788,1377,0 1767,1375,1805,1400,0 1769,1294,1803,1323,0 1785,1403,1819,1419,0 1714,1400,1746,1436,0 1793,1417,1832,1436,0 934,804,965,843,0 996,895,1032,940,0 1023,937,1056,976,0 1060,986,1093,1024,0
C:\Users\Miron\Desktop\Yolo\OID\Dataset\train\car\DJI_0762-00003.jpg 45,319,115,348,0 231,497,297,524,0 305,526,370,555,0 500,496,559,523,0 577,526,643,556,0 660,493,721,520,0 726,538,792,575,0 835,625,874,674,0 834,781,863,848,0 925,692,953,747,0 929,791,957,853,0 938,875,964,945,0 939,970,975,1060,0 1024,527,1077,578,0 981,460,1041,489,0 920,340,971,382,0 1641,439,1694,469,0 1556,440,1615,464,0 1529,478,1589,504,0 1306,483,1374,510,0 1360,451,1412,475,0 1534,320,1591,343,0
C:\Users\Miron\Desktop\Yolo\OID\Dataset\train\car\DJI_0762-00013.jpg 2,532,70,558,0 229,521,298,550,0 618,550,681,578,0 645,512,705,540,0 809,507,869,534,0 1038,499,1098,528,0 989,557,1035,605,0 795,613,840,667,0 856,760,888,829,0 912,755,944,820,0 919,854,950,918,0 931,1001,961,1069,0 1707,440,1763,468,0 1590,449,1648,473,0 1406,454,1467,478,0 1277,455,1345,487,0
C:\Users\Miron\Desktop\Yolo\OID\Dataset\train\car\DJI_0762-00023.jpg 805,582,856,634,0 841,734,869,797,0 934,721,963,779,0 929,800,962,868,0 943,930,970,999,0 389,539,455,563,0 279,539,339,567,0 80,546,152,580,0 1452,473,1509,503,0 1710,444,1775,473,0
C:\Users\Miron\Desktop\Yolo\OID\Dataset\train\car\DJI_0762-00024.jpg 42,511,115,539,0 213,513,283,542,0 498,543,564,576,0 647,543,708,571,0 769,564,828,611,0 854,677,892,738,0 934,729,965,788,0 945,940,971,1008,0 934,811,960,876,0 893,896,921,962,0 1172,470,1232,500,0 1711,452,1775,481,0 1637,461,1692,485,0
C:\Users\Miron\Desktop\Yolo\OID\Dataset\train\car\DJI_0762-00031.jpg 99,509,167,535,0 299,506,356,532,0 383,513,446,542,0 229,368,287,392,0 566,344,622,370,0 915,291,965,317,0 1414,273,1468,297,0 1320,301,1380,329,0 1246,302,1300,328,0 1144,303,1196,329,0 1065,305,1121,327,0 1061,330,1121,355,0 1232,499,1291,525,0 1400,452,1456,477,0 1700,438,1759,465,0 1610,448,1665,473,0 577,502,631,527,0 674,502,736,526,0 740,548,799,585,0 841,646,881,703,0 957,574,986,628,0 866,822,897,889,0
C:\Users\Miron\Desktop\Yolo\OID\Dataset\train\car\DJI_0762-00032.jpg 183,369,241,394,0 334,369,394,394,0 610,339,668,366,0 152,519,220,543,0 401,547,465,574,0 610,509,664,537,0 595,545,660,570,0 787,503,848,530,0 848,685,885,739,0 972,623,1000,671,0 842,854,867,919,0 995,504,1057,529,0 1177,491,1231,519,0 1329,524,1384,553,0 1057,336,1119,363,0 1237,307,1293,334,0 1325,281,1381,304,0 1317,305,1375,333,0 1718,445,1771,471,0 1583,447,1641,472,0 1607,489,1666,513,0
C:\Users\Miron\Desktop\Yolo\OID\Dataset\train\car\harlem-0005.jpg 291,609,341,658,0 354,567,392,606,0 160,597,199,634,0 790,144,831,188,0 1003,40,1047,86,0
C:\Users\Miron\Desktop\Yolo\OID\Dataset\train\car\harlem-0021.jpg 284,142,330,193,0 678,236,721,280,0 719,73,761,111,0 353,562,392,600,0 298,603,343,650,0
C:\Users\Miron\Desktop\Yolo\OID\Dataset\train\car\harlem-0022.jpg 661,254,701,299,0 295,156,339,209,0 720,71,762,111,0 354,563,391,600,0 297,604,344,648,0
C:\Users\Miron\Desktop\Yolo\OID\Dataset\train\car\harlem-0023.jpg 644,272,682,317,0 303,169,345,217,0 718,71,763,114,0 354,564,393,600,0 296,603,345,650,0
C:\Users\Miron\Desktop\Yolo\OID\Dataset\train\car\harlem-0024.jpg 626,293,667,338,0 309,177,354,226,0 295,604,344,647,0 353,564,391,599,0 717,71,765,112,0
C:\Users\Miron\Desktop\Yolo\OID\Dataset\train\car\harlem-0036.jpg 622,142,672,178,0 318,190,363,241,0 670,612,710,655,0 297,603,346,648,0 356,560,395,599,0
C:\Users\Miron\Desktop\Yolo\OID\Dataset\train\car\harlem-0041.jpg 475,136,522,169,0 346,227,388,277,0 717,82,758,122,0 298,604,345,649,0 357,559,395,596,0
C:\Users\Miron\Desktop\Yolo\OID\Dataset\train\car\harlem-0046.jpg 314,639,353,677,0 298,604,345,649,0 356,560,398,597,0 379,342,401,395,0 600,160,643,188,0 343,0,377,38,0
C:\Users\Miron\Desktop\Yolo\OID\Dataset\train\car\harlem-0051.jpg 308,66,351,113,0 458,130,502,163,0 278,488,321,534,0 361,561,395,596,0 296,603,345,646,0 354,605,393,642,0
C:\Users\Miron\Desktop\Yolo\OID\Dataset\train\car\harlem-0053.jpg 210,544,257,590,0 295,604,344,649,0 358,559,396,596,0 354,604,395,640,0 407,82,446,121,0 332,97,376,147,0
C:\Users\Miron\Desktop\Yolo\OID\Dataset\train\car\harlem-0086.jpg 281,22,326,72,0 346,111,380,148,0 374,154,418,202,0 504,222,533,266,0 507,316,538,371,0 353,601,391,638,0
C:\Users\Miron\Desktop\Yolo\OID\Dataset\train\car\harlem-0130.jpg 302,49,346,97,0 348,111,382,149,0 376,155,419,203,0 350,602,391,639,0 367,628,406,664,0 766,263,809,311,0 932,107,976,148,0
C:\Users\Miron\Desktop\Yolo\OID\Dataset\train\car\harlem-0154.jpg 323,179,358,222,0 379,151,423,201,0 509,304,549,339,0 656,47,787,173,0 793,144,833,178,0 715,286,766,325,0 354,602,393,640,0
C:\Users\Miron\Desktop\Yolo\OID\Dataset\train\car\harlem-0155.jpg 794,143,832,179,0 752,265,799,307,0 535,318,577,351,0 395,173,437,220,0 340,207,376,248,0 353,602,393,640,0
C:\Users\Miron\Desktop\Yolo\OID\Dataset\train\car\harlem-0191.jpg 369,143,410,189,0 348,430,386,464,0 376,443,417,483,0 696,315,741,354,0 527,452,570,496,0 848,565,892,604,0 791,142,831,179,0
C:\Users\Miron\Desktop\Yolo\OID\Dataset\train\car\MOS155.jpg 19,264,53,283,0 427,295,469,317,0 340,195,380,214,0 572,318,596,337,0 357,218,391,239,0 351,242,386,265,0 418,227,450,246,0 400,244,443,269,0 463,251,500,273,0 519,257,549,275,0 466,227,507,247,0 619,212,654,231,0 682,211,722,234,0 732,216,759,233,0 780,217,814,237,0 854,219,893,239,0 1213,70,1228,98,0 1339,100,1372,133,0 1191,345,1222,363,0 1228,346,1260,364,0 1273,348,1303,365,0 1322,347,1361,366,0 1371,351,1407,368,0 1413,353,1443,371,0 1725,227,1757,246,0 1683,225,1719,244,0 1638,224,1672,241,0 1597,221,1626,240,0 1549,216,1587,239,0 1502,218,1532,237,0 1450,217,1485,235,0 1335,212,1368,231,0 1087,209,1121,227,0 1055,209,1084,226,0 1011,203,1048,226,0 966,207,1002,225,0 936,205,958,221,0 894,203,923,219,0 847,199,882,219,0 798,197,833,215,0 756,195,789,213,0 718,195,748,212,0 676,193,706,211,0 635,190,666,208,0 597,187,623,206,0 556,185,586,204,0 305,286,339,310,0
C:\Users\Miron\Desktop\Yolo\OID\Dataset\train\car\MOS156.jpg 17,262,52,282,0 631,376,655,408,0 463,293,506,315,0 640,313,680,337,0 337,192,379,212,0 612,317,635,335,0 356,216,389,237,0 349,240,383,262,0 418,224,446,243,0 398,241,440,267,0 462,249,499,270,0 517,255,548,273,0 465,225,506,244,0 518,197,555,221,0 616,208,652,228,0 681,208,720,231,0 730,212,757,230,0 778,214,815,233,0 853,216,892,236,0 1212,66,1228,95,0 1338,96,1370,130,0 1190,341,1222,361,0 1227,343,1259,361,0 1273,344,1302,362,0 1322,343,1361,363,0 1370,347,1406,365,0 1412,350,1442,368,0 1724,222,1756,242,0 1683,220,1718,240,0 1636,219,1671,238,0 1596,217,1625,237,0 1548,212,1586,236,0 1502,215,1532,233,0 1449,213,1484,232,0 1334,208,1367,227,0 1085,206,1119,223,0 1053,205,1082,224,0 1010,199,1046,223,0 965,205,1000,221,0 933,200,957,218,0 893,199,922,217,0 846,196,882,216,0 798,194,832,212,0 756,194,789,211,0 716,191,747,209,0 676,189,703,207,0 634,187,665,205,0 595,185,623,204,0 554,182,585,201,0 336,288,367,310,0
C:\Users\Miron\Desktop\Yolo\OID\Dataset\train\car\MOS157.jpg 18,259,51,279,0 631,366,654,402,0 503,291,545,312,0 679,308,718,332,0 338,188,378,209,0 650,313,675,331,0 356,213,388,233,0 349,236,383,258,0 417,221,446,239,0 399,239,440,262,0 192,395,208,429,0 461,245,498,266,0 517,250,548,268,0 464,221,506,241,0 517,193,555,219,0 616,205,652,224,0 680,204,721,228,0 731,210,756,227,0 778,210,814,229,0 851,212,892,233,0 1212,62,1227,90,0 1337,92,1370,125,0 1190,339,1221,357,0 1227,340,1259,357,0 1273,340,1302,358,0 1321,340,1361,360,0 1370,343,1406,362,0 1412,345,1442,364,0 1724,219,1755,238,0 1682,217,1718,236,0 1637,215,1672,234,0 1596,213,1626,233,0 1547,208,1586,232,0 1500,210,1532,229,0 1450,210,1484,228,0 1334,204,1367,223,0 1085,202,1119,219,0 1054,201,1082,219,0 1009,196,1046,219,0 964,199,1000,217,0 934,197,957,214,0 893,196,921,212,0 846,192,882,211,0 798,189,831,210,0 756,188,788,208,0 716,186,747,206,0 676,185,704,204,0 633,183,665,201,0 596,182,621,199,0 554,180,585,197,0 367,287,399,309,0
C:\Users\Miron\Desktop\Yolo\OID\Dataset\train\car\MOS158.jpg 19,260,53,281,0 636,360,653,395,0 544,291,586,314,0 720,310,759,332,0 339,189,378,208,0 691,313,714,331,0 357,215,389,233,0 349,236,383,260,0 418,221,447,241,0 399,239,440,263,0 193,396,208,429,0 462,247,500,267,0 518,250,548,269,0 464,221,506,242,0 517,194,555,219,0 617,205,653,225,0 682,205,722,227,0 731,210,758,228,0 777,211,815,230,0 852,213,892,234,0 1211,61,1228,90,0 1338,91,1372,125,0 1191,338,1222,357,0 1228,339,1260,357,0 1274,339,1302,359,0 1322,340,1361,359,0 1371,343,1407,362,0 1412,345,1443,364,0 1724,218,1757,238,0 1683,216,1718,235,0 1638,214,1671,234,0 1597,213,1626,232,0 1548,209,1586,231,0 1501,210,1533,229,0 1450,210,1484,227,0 1334,204,1367,224,0 1086,202,1120,219,0 1055,201,1082,219,0 1009,196,1048,218,0 965,200,1001,217,0 934,196,957,215,0 893,196,922,212,0 846,191,882,212,0 799,190,833,209,0 757,190,789,207,0 716,186,748,206,0 676,185,705,205,0 634,185,666,202,0 596,181,623,201,0 554,180,585,198,0 403,290,434,310,0
C:\Users\Miron\Desktop\Yolo\OID\Dataset\train\car\MOS159.jpg 16,260,51,281,0 634,354,652,388,0 584,291,625,313,0 759,307,798,330,0 338,189,376,208,0 730,312,754,330,0 354,215,387,233,0 348,236,381,258,0 417,221,446,239,0 398,237,440,263,0 191,396,207,429,0 460,245,499,266,0 517,250,548,268,0 463,221,505,241,0 515,193,553,218,0 616,204,652,224,0 680,203,720,227,0 730,209,758,227,0 777,210,813,228,0 851,212,892,232,0 1211,59,1226,88,0 1337,90,1370,123,0 1189,339,1220,356,0 1226,339,1258,356,0 1272,339,1301,358,0 1320,340,1360,359,0 1369,342,1405,361,0 1411,345,1441,363,0 1723,216,1754,236,0 1682,215,1716,234,0 1636,213,1669,232,0 1594,212,1624,231,0 1546,208,1586,230,0 1500,208,1532,227,0 1449,207,1483,225,0 1333,203,1364,222,0 1085,201,1118,218,0 1054,201,1080,218,0 1008,195,1046,218,0 963,199,999,216,0 932,195,955,214,0 891,195,921,210,0 844,190,881,210,0 797,189,831,208,0 755,188,788,207,0 716,185,747,205,0 674,184,703,203,0 633,182,665,201,0 594,181,622,200,0 553,179,584,196,0 438,291,470,310,0
C:\Users\Miron\Desktop\Yolo\OID\Dataset\train\car\MOS160.jpg 17,260,51,278,0 636,347,651,382,0 628,289,669,311,0 801,306,840,328,0 337,187,377,207,0 773,310,796,328,0 355,212,388,232,0 347,235,383,257,0 415,219,445,238,0 399,237,438,261,0 192,394,206,429,0 461,244,499,264,0 517,248,548,265,0 464,219,505,239,0 516,191,553,215,0 616,202,651,222,0 680,201,721,224,0 729,207,756,224,0 778,207,813,226,0 852,210,892,230,0 1210,56,1226,84,0 1337,87,1370,121,0 1189,337,1220,355,0 1227,337,1259,354,0 1273,338,1301,356,0 1320,337,1361,356,0 1369,341,1406,359,0 1411,343,1441,362,0 1722,214,1754,234,0 1682,213,1718,231,0 1636,211,1670,229,0 1595,210,1624,228,0 1548,206,1585,227,0 1500,206,1532,225,0 1448,205,1484,223,0 1333,200,1366,220,0 1085,199,1118,216,0 1054,198,1082,217,0 1008,192,1046,215,0 964,197,999,214,0 934,194,956,212,0 891,193,921,210,0 845,188,882,210,0 797,187,832,206,0 754,186,788,204,0 715,184,747,203,0 674,182,703,202,0 633,181,665,199,0 595,178,622,198,0 553,177,584,195,0 477,290,508,309,0
C:\Users\Miron\Desktop\Yolo\OID\Dataset\train\car\MOS161.jpg 17,261,51,280,0 634,345,651,379,0 671,290,712,311,0 842,308,882,331,0 336,188,376,209,0 815,310,837,327,0 355,214,387,233,0 348,237,384,258,0 416,220,445,239,0 398,238,438,262,0 190,396,206,429,0 461,247,498,265,0 516,248,548,267,0 463,220,504,239,0 515,192,552,216,0 615,203,651,222,0 679,202,721,226,0 728,208,755,225,0 776,209,812,226,0 850,210,890,230,0 1210,56,1226,85,0 1337,88,1369,120,0 1189,337,1220,355,0 1225,338,1257,355,0 1272,337,1301,357,0 1319,337,1360,357,0 1368,341,1406,359,0 1411,343,1441,361,0 1722,215,1755,232,0 1682,211,1718,231,0 1636,211,1669,229,0 1594,210,1624,228,0 1547,205,1585,227,0 1500,207,1531,224,0 1448,205,1484,223,0 1333,200,1365,219,0 1084,199,1117,216,0 1053,198,1081,216,0 1008,193,1046,215,0 963,197,999,214,0 933,194,956,211,0 891,192,921,209,0 845,189,880,209,0 797,189,831,206,0 753,187,787,205,0 715,185,746,204,0 673,183,701,202,0 632,182,663,200,0 593,179,621,198,0 553,178,583,195,0 514,292,545,312,0
C:\Users\Miron\Desktop\Yolo\OID\Dataset\train\car\MOS162.jpg 14,257,49,277,0 632,336,651,371,0 714,285,755,304,0 885,304,924,325,0 335,183,374,204,0 857,306,879,323,0 353,209,387,227,0 346,232,380,252,0 414,215,444,233,0 396,233,436,257,0 188,391,205,429,0 458,241,496,259,0 515,244,545,261,0 461,214,503,234,0 514,187,552,211,0 612,197,650,216,0 678,196,719,219,0 727,202,754,220,0 775,203,810,221,0 850,205,888,224,0 1209,50,1224,78,0 1336,82,1368,114,0 1188,332,1219,349,0 1224,332,1257,349,0 1271,333,1299,351,0 1319,333,1358,352,0 1367,335,1405,354,0 1410,339,1440,355,0 1632,345,1669,361,0 1720,208,1753,226,0 1680,206,1716,224,0 1634,205,1668,223,0 1593,204,1623,221,0 1545,199,1584,221,0 1499,200,1529,218,0 1446,199,1482,217,0 1330,195,1364,214,0 1083,193,1115,210,0 1052,192,1080,210,0 1007,187,1044,210,0 962,192,997,208,0 931,189,954,205,0 889,187,919,203,0 843,183,880,203,0 795,183,829,200,0 752,181,785,199,0 713,179,745,197,0 672,177,700,196,0 630,177,661,194,0 593,174,620,193,0 552,172,582,190,0 551,288,582,306,0
C:\Users\Miron\Desktop\Yolo\OID\Dataset\train\car\MOS163.jpg 15,262,50,281,0 633,337,652,371,0 761,289,801,308,0 929,309,968,330,0 336,187,375,207,0 902,313,922,327,0 353,213,386,232,0 346,236,381,256,0 414,220,444,238,0 396,237,436,261,0 189,395,205,429,0 459,245,496,264,0 515,247,547,265,0 463,219,502,238,0 514,192,552,215,0 613,202,650,220,0 678,201,719,222,0 728,207,754,222,0 775,207,811,224,0 850,208,888,227,0 1209,53,1224,81,0 1335,84,1368,117,0 1189,335,1220,354,0 1224,336,1258,353,0 1271,337,1299,355,0 1318,337,1359,355,0 1367,340,1404,358,0 1410,342,1440,359,0 1634,349,1670,366,0 1721,212,1753,230,0 1680,209,1716,228,0 1635,209,1669,226,0 1593,207,1623,224,0 1546,203,1584,225,0 1499,204,1530,221,0 1447,203,1482,221,0 1332,198,1365,217,0 1083,196,1116,214,0 1052,196,1080,214,0 1007,191,1044,212,0 961,194,998,212,0 931,191,954,210,0 889,191,919,206,0 844,188,880,207,0 795,187,830,204,0 753,185,785,202,0 714,183,745,201,0 672,182,700,200,0 631,181,663,198,0 592,179,620,196,0 551,177,582,194,0 590,293,622,311,0
C:\Users\Miron\Desktop\Yolo\OID\Dataset\train\car\MOS164.jpg 15,259,49,279,0 633,329,653,364,0 806,286,847,304,0 974,307,1011,327,0 335,184,374,205,0 944,310,967,325,0 352,210,386,228,0 345,233,379,252,0 413,217,442,234,0 395,234,435,257,0 189,392,205,429,0 458,242,497,260,0 514,245,545,262,0 461,216,503,235,0 514,188,551,211,0 614,198,651,216,0 679,197,718,219,0 728,202,754,220,0 775,204,810,220,0 849,205,888,223,0 1208,48,1225,78,0 1335,80,1368,113,0 1187,332,1219,349,0 1225,333,1257,350,0 1271,333,1300,351,0 1318,334,1358,351,0 1367,336,1404,354,0 1410,339,1440,355,0 1637,345,1670,362,0 1721,207,1753,225,0 1680,206,1715,223,0 1635,205,1669,221,0 1593,203,1623,220,0 1545,199,1584,221,0 1499,200,1530,217,0 1447,199,1482,217,0 1331,195,1365,212,0 1083,193,1118,209,0 1052,192,1079,209,0 1007,187,1044,208,0 962,191,998,208,0 931,188,954,206,0 889,187,919,203,0 843,184,880,204,0 795,183,829,199,0 753,182,784,199,0 713,180,744,198,0 672,178,700,196,0 630,177,662,194,0 592,175,619,192,0 551,174,581,190,0 630,290,661,307,0
C:\Users\Miron\Desktop\Yolo\OID\Dataset\train\car\MOS165.jpg 15,257,50,277,0 635,320,656,355,0 854,284,896,302,0 1019,307,1058,325,0 336,181,374,203,0 992,308,1013,323,0 354,206,387,227,0 346,232,380,249,0 414,214,444,230,0 395,232,436,254,0 188,390,205,429,0 459,240,496,257,0 515,241,547,259,0 462,212,503,232,0 514,186,552,208,0 613,195,652,213,0 679,194,719,216,0 728,200,754,217,0 775,200,811,217,0 850,202,888,220,0 1208,43,1225,73,0 1336,76,1369,109,0 1188,329,1219,347,0 1225,331,1257,347,0 1271,330,1300,349,0 1319,331,1359,349,0 1367,333,1404,350,0 1409,336,1440,353,0 1639,342,1671,358,0 1722,204,1754,220,0 1680,202,1715,219,0 1634,201,1668,218,0 1593,200,1623,216,0 1545,196,1584,216,0 1498,197,1530,213,0 1447,195,1482,213,0 1331,191,1364,208,0 1082,190,1118,206,0 1051,189,1080,206,0 1007,184,1045,206,0 961,188,998,204,0 931,185,952,202,0 889,184,919,200,0 843,181,879,200,0 795,180,830,197,0 752,179,787,196,0 714,176,744,194,0 672,176,700,193,0 630,175,663,191,0 592,172,620,189,0 552,170,581,187,0 671,287,702,304,0
C:\Users\Miron\Desktop\Yolo\OID\Dataset\train\car\MOS166.jpg 15,258,49,277,0 636,311,661,347,0 903,283,944,302,0 1065,306,1104,324,0 336,182,373,202,0 1037,309,1059,323,0 353,206,387,226,0 346,232,381,249,0 413,214,444,231,0 394,232,435,254,0 188,391,205,429,0 459,240,496,257,0 515,241,546,259,0 462,213,503,231,0 513,185,552,208,0 614,194,651,213,0 678,194,718,215,0 728,200,755,216,0 775,200,811,217,0 850,202,889,219,0 1208,42,1224,72,0 1336,74,1369,108,0 1188,329,1219,346,0 1225,330,1258,346,0 1270,329,1301,348,0 1319,329,1359,348,0 1368,334,1404,349,0 1409,335,1440,351,0 1639,341,1670,357,0 1722,203,1753,219,0 1681,201,1716,218,0 1634,200,1669,216,0 1593,198,1623,215,0 1546,194,1584,215,0 1499,196,1530,212,0 1446,194,1482,210,0 1332,191,1364,208,0 1082,189,1116,205,0 1051,188,1080,205,0 1007,184,1044,204,0 961,187,997,202,0 931,185,954,201,0 889,183,919,199,0 843,181,879,198,0 795,179,829,195,0 753,178,785,195,0 714,177,745,193,0 672,175,701,193,0 630,174,662,191,0 592,171,620,189,0 552,170,582,187,0 713,287,744,303,0
C:\Users\Miron\Desktop\Yolo\OID\Dataset\train\car\MOS167.jpg 13,255,48,274,0 638,300,668,334,0 950,280,992,299,0 1111,303,1150,321,0 335,179,372,198,0 1083,306,1104,321,0 352,203,385,223,0 344,228,379,246,0 412,210,442,227,0 394,229,434,250,0 187,387,204,426,0 458,237,495,254,0 513,238,545,254,0 461,208,503,229,0 513,182,551,204,0 613,191,650,210,0 677,190,717,211,0 726,196,754,213,0 774,196,810,213,0 848,197,887,215,0 1207,37,1223,67,0 1334,70,1366,103,0 1186,325,1219,343,0 1223,326,1256,342,0 1270,325,1298,344,0 1317,327,1357,344,0 1366,329,1403,346,0 1408,331,1439,347,0 1636,337,1669,354,0 1720,199,1752,215,0 1679,197,1715,214,0 1633,197,1667,212,0 1592,194,1621,211,0 1545,190,1583,212,0 1497,192,1528,208,0 1445,190,1481,207,0 1330,187,1362,203,0 1081,185,1114,200,0 1051,185,1078,201,0 1005,181,1043,199,0 960,183,996,198,0 929,181,952,197,0 888,179,919,195,0 842,177,879,195,0 794,177,829,192,0 752,174,785,191,0 713,172,744,190,0 671,171,699,189,0 629,170,661,187,0 590,167,619,185,0 550,167,580,183,0 754,283,785,299,0
C:\Users\Miron\Desktop\Yolo\OID\Dataset\train\car\MOS168.jpg 15,258,50,276,0 143,1,161,40,0 648,295,680,326,0 1003,284,1044,301,0 1160,305,1199,322,0 337,181,375,201,0 1132,307,1153,321,0 353,205,388,224,0 346,231,380,248,0 415,212,443,229,0 396,232,436,252,0 188,391,205,428,0 460,238,497,254,0 515,238,546,256,0 463,211,505,230,0 514,184,552,205,0 615,192,652,211,0 679,191,720,213,0 728,197,756,213,0 776,197,812,214,0 850,198,888,217,0 1208,37,1225,68,0 1336,72,1367,104,0 1189,327,1220,344,0 1226,328,1258,344,0 1271,327,1301,345,0 1320,328,1360,345,0 1368,331,1405,347,0 1409,332,1441,349,0 1640,338,1672,355,0 1722,200,1754,216,0 1681,199,1717,214,0 1635,197,1669,213,0 1593,195,1624,211,0 1547,191,1585,212,0 1499,193,1530,209,0 1447,191,1483,207,0 1331,187,1364,204,0 1083,186,1116,201,0 1052,186,1080,202,0 1007,181,1045,201,0 962,184,998,200,0 931,182,954,198,0 890,180,920,196,0 844,178,880,196,0 796,178,829,193,0 753,176,786,192,0 715,175,745,191,0 673,173,701,190,0 631,172,663,189,0 593,170,620,187,0 553,168,583,185,0 802,284,831,300,0
C:\Users\Miron\Desktop\Yolo\OID\Dataset\train\car\MOS170.jpg 14,258,49,276,0 144,16,160,55,0 672,290,705,311,0 1110,283,1149,300,0 1255,305,1294,323,0 336,180,377,202,0 1227,307,1249,321,0 353,204,385,222,0 345,231,380,247,0 413,213,442,229,0 395,232,436,252,0 188,391,205,429,0 459,237,496,255,0 514,239,546,255,0 461,210,505,230,0 514,184,552,204,0 614,190,650,209,0 677,190,718,212,0 727,195,754,211,0 776,195,811,212,0 850,197,887,215,0 1208,33,1224,64,0 1335,68,1368,102,0 1188,326,1219,342,0 1225,326,1257,341,0 1271,327,1300,344,0 1319,327,1358,343,0 1368,329,1404,344,0 1410,331,1440,347,0 1641,336,1671,353,0 1722,197,1754,212,0 1681,196,1716,211,0 1635,195,1668,210,0 1593,192,1623,208,0 1546,189,1584,209,0 1500,190,1529,206,0 1446,188,1482,205,0 1332,187,1364,201,0 1082,184,1116,199,0 1051,184,1079,199,0 1007,180,1043,199,0 962,182,997,198,0 931,180,953,196,0 888,179,919,195,0 844,177,879,193,0 795,176,829,192,0 752,174,785,190,0 713,173,744,189,0 673,173,701,189,0 630,171,663,187,0 592,169,619,185,0 550,168,583,183,0 893,283,924,300,0
C:\Users\Miron\Desktop\Yolo\OID\Dataset\train\car\MOS172.jpg 12,254,47,271,0 143,21,159,58,0 699,284,733,300,0 1215,277,1256,293,0 1348,300,1386,318,0 335,173,373,195,0 1320,302,1340,316,0 351,199,384,217,0 343,227,378,242,0 412,206,442,222,0 394,227,434,245,0 186,386,203,425,0 458,231,494,247,0 513,233,544,249,0 460,204,503,222,0 512,178,550,198,0 611,184,649,203,0 676,185,716,205,0 727,188,752,206,0 774,189,809,206,0 848,190,886,209,0 1206,24,1223,57,0 1333,60,1366,94,0 1186,320,1218,336,0 1224,321,1255,335,0 1269,320,1298,337,0 1317,320,1357,337,0 1367,323,1402,339,0 1408,325,1438,340,0 1639,328,1669,346,0 1719,189,1752,205,0 1678,188,1714,203,0 1633,187,1667,201,0 1592,184,1622,200,0 1544,182,1583,201,0 1497,183,1527,198,0 1445,180,1480,197,0 1329,179,1362,194,0 1081,177,1115,191,0 1049,177,1079,193,0 1005,173,1042,192,0 960,175,995,190,0 929,174,952,188,0 887,172,917,187,0 841,171,877,187,0 792,170,827,185,0 751,168,783,183,0 712,167,743,183,0 671,166,699,182,0 629,165,661,180,0 590,163,618,178,0 548,162,581,177,0 987,277,1017,294,0
C:\Users\Miron\Desktop\Yolo\OID\Dataset\train\car\MOS173.jpg 12,255,46,273,0 143,24,158,61,0 716,284,749,300,0 1272,278,1311,295,0 1394,301,1432,319,0 334,176,369,196,0 1367,303,1388,317,0 350,200,383,218,0 343,227,378,243,0 412,207,441,222,0 394,228,431,246,0 186,387,202,426,0 457,232,494,248,0 513,234,543,249,0 459,205,501,224,0 512,178,548,197,0 610,185,647,203,0 676,186,716,206,0 725,189,751,206,0 774,190,809,206,0 848,190,886,208,0 1205,23,1222,55,0 1333,60,1365,93,0 1185,320,1217,336,0 1222,320,1255,336,0 1269,321,1297,337,0 1316,321,1356,336,0 1366,322,1402,338,0 1407,324,1438,341,0 1636,328,1669,345,0 1679,330,1707,345,0 1718,188,1752,204,0 1678,187,1713,202,0 1633,186,1667,201,0 1592,184,1620,199,0 1544,182,1581,200,0 1497,182,1526,198,0 1445,180,1479,196,0 1328,179,1361,193,0 1081,177,1115,191,0 1049,177,1078,192,0 1004,174,1042,192,0 960,175,995,191,0 929,173,951,188,0 887,171,917,187,0 840,171,876,187,0 792,170,828,185,0 750,168,783,183,0 712,168,742,183,0 671,165,699,182,0 629,165,660,181,0 590,163,618,178,0 548,163,581,177,0 1035,277,1066,295,0
C:\Users\Miron\Desktop\Yolo\OID\Dataset\train\car\MOS174.jpg 14,254,48,272,0 143,23,159,60,0 734,282,767,298,0 1329,276,1370,293,0 1442,298,1482,317,0 335,174,371,194,0 1415,301,1436,315,0 351,198,384,216,0 342,226,377,242,0 412,206,441,221,0 393,226,433,244,0 187,385,203,423,0 458,230,494,246,0 514,232,545,247,0 460,204,501,221,0 513,176,550,196,0 612,184,649,200,0 676,183,717,204,0 726,186,753,204,0 774,187,810,204,0 848,188,887,205,0 1205,20,1223,52,0 1333,57,1365,89,0 1186,317,1218,333,0 1224,318,1256,334,0 1270,318,1299,335,0 1316,319,1358,335,0 1366,319,1404,335,0 1408,322,1439,337,0 1639,325,1670,342,0 1680,327,1707,341,0 1719,185,1753,200,0 1679,183,1714,198,0 1634,182,1668,197,0 1592,180,1621,197,0 1544,179,1583,197,0 1498,179,1527,194,0 1445,177,1480,193,0 1330,176,1362,191,0 1081,174,1115,188,0 1049,173,1079,188,0 1005,171,1043,188,0 961,172,995,187,0 930,171,951,185,0 888,169,918,183,0 842,169,878,184,0 793,167,828,183,0 751,165,783,181,0 712,166,743,180,0 671,164,700,180,0 628,163,661,178,0 590,161,618,176,0 549,161,581,175,0 1085,275,1116,292,0
C:\Users\Miron\Desktop\Yolo\OID\Dataset\train\car\MOS175.jpg 16,251,49,269,0 143,21,159,58,0 752,281,785,297,0 1386,275,1427,292,0 1487,298,1527,316,0 333,170,369,190,0 1461,300,1482,314,0 350,194,384,212,0 340,221,375,237,0 411,201,442,216,0 393,221,431,240,0 186,382,203,420,0 457,226,494,241,0 513,227,543,243,0 460,199,501,217,0 512,173,549,191,0 611,182,648,198,0 675,182,715,201,0 725,185,751,202,0 773,185,808,202,0 847,186,885,203,0 1205,17,1222,49,0 1333,54,1366,88,0 1185,316,1217,332,0 1223,316,1255,332,0 1269,317,1297,334,0 1315,317,1356,334,0 1365,318,1401,334,0 1406,320,1437,336,0 1638,323,1669,340,0 1678,325,1706,339,0 1718,183,1751,198,0 1678,181,1713,196,0 1632,180,1666,195,0 1589,178,1620,194,0 1543,176,1582,194,0 1497,178,1525,192,0 1443,175,1479,192,0 1329,174,1361,189,0 1080,173,1113,187,0 1048,172,1078,188,0 1004,168,1042,187,0 959,170,994,185,0 928,169,950,183,0 886,168,916,182,0 841,167,876,182,0 792,166,826,181,0 750,164,783,180,0 711,164,741,179,0 670,163,699,179,0 628,162,660,177,0 589,160,616,175,0 548,158,580,173,0 1133,275,1164,290,0
C:\Users\Miron\Desktop\Yolo\OID\Dataset\train\car\MOS177.jpg 29,251,63,269,0 143,24,158,59,0 790,276,824,293,0 1508,275,1549,292,0 1586,297,1624,317,0 331,171,367,189,0 1559,300,1579,314,0 346,194,379,211,0 334,220,369,237,0 410,201,438,216,0 389,219,428,238,0 186,382,203,420,0 457,225,494,240,0 513,226,544,242,0 459,197,501,216,0 511,171,550,190,0 611,177,647,194,0 676,177,717,196,0 726,179,753,197,0 773,180,809,197,0 847,182,887,198,0 1204,13,1221,47,0 1333,53,1366,86,0 1185,315,1217,331,0 1222,316,1255,332,0 1269,316,1297,333,0 1316,317,1356,333,0 1365,317,1402,334,0 1407,319,1438,335,0 1448,320,1483,335,0 1638,322,1669,339,0 1677,324,1706,338,0 1718,180,1751,196,0 1677,179,1713,194,0 1632,178,1666,193,0 1590,176,1619,192,0 1543,176,1582,191,0 1497,177,1526,191,0 1444,173,1478,190,0 1328,171,1361,188,0 1081,167,1114,180,0 1049,166,1078,181,0 1005,163,1042,181,0 961,164,995,180,0 929,164,951,178,0 888,162,916,176,0 841,161,876,177,0 793,161,827,175,0 751,159,784,174,0 712,159,740,173,0 670,158,699,174,0 629,157,661,172,0 590,156,618,170,0 548,155,580,170,0 1230,274,1259,289,0
C:\Users\Miron\Desktop\Yolo\OID\Dataset\train\car\MOS179.jpg 54,252,87,270,0 0,247,31,262,0 144,25,159,61,0 821,272,855,291,0 1638,274,1679,291,0 1684,296,1724,314,0 324,173,360,188,0 1656,300,1677,313,0 333,194,366,211,0 323,220,357,236,0 401,200,429,215,0 382,221,421,237,0 187,382,205,421,0 454,226,490,240,0 514,225,545,241,0 455,197,497,215,0 512,171,551,190,0 612,177,648,193,0 678,176,718,195,0 727,178,753,197,0 775,179,810,195,0 848,179,888,196,0 1205,5,1223,39,0 1334,46,1367,79,0 1187,309,1218,326,0 1224,310,1256,326,0 1270,310,1299,328,0 1318,311,1358,326,0 1367,311,1402,327,0 1409,313,1439,329,0 1450,313,1484,329,0 1641,317,1670,332,0 1678,318,1707,333,0 1719,178,1752,192,0 1678,176,1713,191,0 1633,174,1667,189,0 1590,173,1620,188,0 1543,173,1583,188,0 1498,173,1527,188,0 1446,169,1480,186,0 1329,166,1363,180,0 1082,164,1115,179,0 1049,164,1079,179,0 1006,162,1043,179,0 962,163,995,178,0 930,162,952,176,0 888,161,917,175,0 842,160,878,176,0 793,160,828,174,0 752,159,784,173,0 712,159,742,173,0 672,158,700,172,0 630,156,661,171,0 591,155,619,169,0 550,154,581,169,0 1321,269,1352,285,0
C:\Users\Miron\Desktop\Yolo\OID\Dataset\train\car\MOS74.jpg 244,300,281,328,0 107,337,145,363,0 75,376,113,402,0 493,155,535,185,0 459,226,500,256,0 257,214,291,232,0 163,127,195,169,0 136,75,163,113,0 159,3,188,39,0 32,3,72,30,0 137,146,157,171,0 95,55,121,86,0 361,36,400,56,0 432,36,469,53,0 105,523,139,543,0 354,436,390,470,0 385,462,423,498,0 415,489,455,526,0 450,513,488,548,0 600,231,622,270,0 591,292,613,333,0 586,345,610,381,0 571,437,592,478,0 600,356,632,395,0 632,323,656,366,0
C:\Users\Miron\Desktop\Yolo\OID\Dataset\train\car\MOS75.jpg 244,298,279,324,0 65,351,103,378,0 93,365,132,391,0 460,164,504,196,0 494,202,535,234,0 251,210,287,229,0 161,125,193,167,0 133,72,161,111,0 157,1,187,37,0 28,1,69,29,0 135,144,155,169,0 93,53,118,83,0 360,35,397,54,0 431,32,467,50,0 102,522,138,541,0 352,433,388,466,0 383,458,422,496,0 414,487,454,523,0 451,512,489,546,0 599,230,620,267,0 590,290,611,332,0 585,342,607,378,0 570,435,591,476,0 599,349,631,393,0 630,321,654,364,0
C:\Users\Miron\Desktop\Yolo\OID\Dataset\train\car\MOS76.jpg 241,298,277,325,0 21,367,58,393,0 112,357,150,383,0 425,180,469,211,0 530,182,572,213,0 246,210,282,229,0 159,125,193,167,0 132,73,159,110,0 155,1,184,37,0 25,3,66,29,0 132,143,153,169,0 91,53,115,83,0 357,34,395,53,0 428,32,464,50,0 101,523,136,541,0 351,433,386,467,0 380,459,419,496,0 413,487,452,522,0 449,513,487,545,0 597,231,617,268,0 587,290,610,331,0 582,343,605,379,0 567,435,589,477,0 598,346,628,390,0 628,322,652,364,0
C:\Users\Miron\Desktop\Yolo\OID\Dataset\train\car\MOS77.jpg 239,298,275,325,0 128,347,166,375,0 390,194,434,227,0 567,162,608,192,0 241,209,276,228,0 158,124,191,167,0 129,73,157,110,0 154,1,181,35,0 24,1,64,27,0 130,145,151,169,0 89,53,113,82,0 355,33,394,53,0 426,33,462,50,0 6,418,47,444,0 99,522,134,542,0 349,433,384,466,0 379,458,418,497,0 410,487,450,522,0 446,511,485,546,0 594,230,614,267,0 585,290,607,331,0 580,343,603,378,0 565,435,588,477,0 597,345,626,388,0 625,320,650,364,0
C:\Users\Miron\Desktop\Yolo\OID\Dataset\train\car\MOS78.jpg 239,297,274,324,0 143,341,181,368,0 357,210,399,241,0 607,143,647,173,0 235,206,272,228,0 158,125,190,166,0 129,73,156,110,0 153,0,182,36,0 24,2,66,27,0 129,142,152,169,0 90,54,113,83,0 354,33,394,55,0 425,32,461,50,0 46,403,88,431,0 99,521,134,540,0 349,433,384,466,0 379,458,418,496,0 411,487,450,522,0 447,512,485,545,0 594,230,615,267,0 585,290,606,332,0 580,343,603,378,0 566,435,586,476,0 598,343,626,387,0 626,320,650,363,0
C:\Users\Miron\Desktop\Yolo\OID\Dataset\train\car\MOS79.jpg 235,299,272,326,0 152,337,190,364,0 319,226,363,259,0 643,130,683,156,0 225,204,262,229,0 155,126,187,168,0 126,74,154,112,0 150,1,180,38,0 22,3,61,28,0 127,145,148,171,0 86,56,110,85,0 352,36,390,55,0 422,34,458,51,0 86,389,127,415,0 96,523,130,543,0 346,435,381,468,0 375,461,414,497,0 408,489,447,525,0 443,513,481,547,0 591,233,611,269,0 583,292,602,333,0 579,345,599,380,0 564,438,583,479,0 596,344,623,386,0 623,321,646,366,0
C:\Users\Miron\Desktop\Yolo\OID\Dataset\train\car\MOS80.jpg 237,297,274,325,0 165,331,202,358,0 287,241,331,273,0 221,196,256,223,0 158,124,190,166,0 129,72,156,109,0 152,0,181,36,0 24,3,63,26,0 129,143,150,168,0 89,55,112,83,0 354,34,392,53,0 425,32,460,50,0 651,94,684,117,0 129,371,170,399,0 98,521,135,541,0 348,433,382,466,0 377,458,417,496,0 410,487,449,522,0 446,512,483,545,0 593,230,613,268,0 585,290,605,330,0 581,343,600,378,0 565,435,585,475,0 598,340,625,383,0 625,320,648,363,0 612,418,635,461,0
C:\Users\Miron\Desktop\Yolo\OID\Dataset\train\car\MOS82.jpg 235,298,272,325,0 178,323,215,351,0 218,272,261,304,0 207,171,238,207,0 156,125,188,165,0 127,71,154,109,0 151,0,179,35,0 21,1,62,28,0 128,143,149,168,0 88,55,111,82,0 353,33,391,53,0 423,32,460,51,0 570,118,607,145,0 209,336,250,365,0 12,418,53,445,0 96,521,133,541,0 347,433,381,465,0 376,458,415,495,0 409,487,448,522,0 444,511,482,545,0 592,230,610,267,0 583,289,603,331,0 580,343,599,376,0 564,436,584,475,0 597,338,623,381,0 623,319,646,364,0 611,419,633,459,0
C:\Users\Miron\Desktop\Yolo\OID\Dataset\train\car\MOS83.jpg 235,298,272,325,0 184,322,220,350,0 182,289,226,320,0 202,157,229,194,0 156,124,188,165,0 128,72,154,110,0 151,0,180,37,0 22,1,62,28,0 128,143,149,169,0 88,55,110,82,0 353,34,391,53,0 423,32,460,50,0 531,134,568,162,0 250,318,291,347,0 50,403,94,431,0 96,522,134,542,0 348,434,381,465,0 378,459,416,495,0 410,488,449,522,0 444,512,482,545,0 591,231,610,267,0 584,290,604,331,0 579,343,600,377,0 564,438,584,476,0 598,337,623,381,0 624,320,646,363,0 611,418,632,459,0
C:\Users\Miron\Desktop\Yolo\OID\Dataset\train\car\MOS84.jpg 232,298,270,327,0 184,321,221,349,0 144,305,188,337,0 192,139,218,177,0 153,126,186,167,0 124,72,152,111,0 148,1,177,37,0 19,3,59,28,0 126,145,146,169,0 85,56,108,84,0 350,34,389,54,0 421,33,457,51,0 489,151,525,179,0 288,299,328,329,0 87,390,130,418,0 94,523,131,542,0 345,435,378,466,0 373,460,413,496,0 407,489,446,523,0 439,512,479,547,0 589,233,607,268,0 581,291,600,333,0 577,344,596,378,0 561,440,581,478,0 595,337,621,381,0 620,322,643,364,0 608,420,630,460,0
C:\Users\Miron\Desktop\Yolo\OID\Dataset\train\car\MOS85.jpg 232,296,271,325,0 187,319,224,346,0 110,319,154,350,0 184,117,211,154,0 155,124,186,165,0 126,70,153,109,0 149,0,179,35,0 21,2,60,26,0 125,143,147,167,0 86,55,109,83,0 351,33,390,53,0 421,32,457,49,0 451,166,487,194,0 328,278,368,307,0 126,373,169,402,0 94,521,131,541,0 346,433,379,464,0 375,459,414,495,0 408,487,446,521,0 441,511,480,545,0 589,231,608,267,0 581,289,602,330,0 577,342,596,377,0 563,437,582,474,0 595,334,622,378,0 621,319,644,363,0 609,418,630,458,0
C:\Users\Miron\Desktop\Yolo\OID\Dataset\train\car\MOS86.jpg 231,297,269,326,0 187,319,223,345,0 71,334,116,366,0 172,96,200,133,0 153,124,184,165,0 124,71,151,109,0 148,1,177,36,0 19,2,59,26,0 125,143,146,168,0 84,54,107,82,0 349,34,388,52,0 419,32,456,50,0 410,184,446,213,0 365,257,406,288,0 163,357,206,386,0 93,521,128,541,0 345,434,377,464,0 373,459,411,496,0 406,487,445,523,0 438,511,478,546,0 587,231,606,267,0 578,290,599,331,0 576,342,596,376,0 561,436,580,475,0 595,334,619,377,0 619,321,642,363,0 607,419,628,460,0
C:\Users\Miron\Desktop\Yolo\OID\Dataset\train\car\MOS88.jpg 231,297,269,325,0 187,318,224,345,0 0,361,44,391,0 145,48,176,86,0 153,124,184,165,0 123,70,151,109,0 147,1,176,37,0 18,2,59,26,0 125,143,146,167,0 83,52,107,83,0 349,34,388,53,0 418,31,456,49,0 332,221,368,249,0 442,217,483,247,0 239,322,282,353,0 93,522,129,541,0 345,434,377,465,0 374,458,410,494,0 405,486,445,523,0 439,510,478,546,0 586,230,606,267,0 576,341,594,375,0 560,436,580,475,0 596,330,618,372,0 618,320,640,363,0 607,420,626,459,0
C:\Users\Miron\Desktop\Yolo\OID\Dataset\train\car\MOS89.jpg 229,297,268,326,0 186,319,222,347,0 129,22,160,61,0 151,125,182,166,0 121,71,149,110,0 146,2,174,37,0 16,2,56,26,0 121,143,143,168,0 347,35,386,54,0 416,33,452,51,0 291,240,327,268,0 478,197,519,228,0 275,306,319,337,0 91,522,127,542,0 343,435,374,465,0 372,460,409,495,0 403,487,444,523,0 436,512,476,546,0 584,232,603,268,0 573,341,593,377,0 557,436,578,476,0 594,328,616,370,0 616,322,637,364,0 605,420,624,459,0
C:\Users\Miron\Desktop\Yolo\OID\Dataset\train\car\MOS90.jpg 233,295,272,324,0 187,318,224,346,0 152,124,184,165,0 123,70,152,109,0 148,0,177,35,0 18,2,58,26,0 124,143,146,169,0 349,34,388,53,0 419,32,454,49,0 255,259,290,286,0 518,176,559,207,0 315,287,358,317,0 94,522,129,542,0 346,434,377,465,0 374,460,410,495,0 405,486,444,523,0 437,510,478,546,0 587,231,605,266,0 574,340,595,376,0 560,435,581,476,0 598,323,617,365,0 618,322,638,365,0 607,420,626,460,0
C:\Users\Miron\Desktop\Yolo\OID\Dataset\train\car\MOS91.jpg 235,292,272,325,0 187,318,223,346,0 152,125,183,166,0 122,71,151,110,0 147,1,176,37,0 17,2,57,26,0 122,143,144,169,0 348,35,386,53,0 416,33,452,51,0 214,277,249,306,0 554,158,594,189,0 352,269,393,298,0 4,421,43,446,0 92,523,128,542,0 344,434,376,465,0 371,460,408,496,0 404,487,442,522,0 436,511,475,546,0 584,232,603,269,0 571,341,593,376,0 557,438,578,477,0 595,321,616,363,0 616,321,637,365,0 605,420,624,460,0
C:\Users\Miron\Desktop\Yolo\OID\Dataset\train\car\MOS92.jpg 234,287,268,323,0 182,320,217,348,0 152,125,184,168,0 123,73,151,111,0 147,3,175,38,0 17,4,57,28,0 124,146,144,170,0 342,38,381,56,0 411,35,447,53,0 169,298,204,325,0 586,142,626,172,0 382,251,424,282,0 42,410,81,435,0 93,524,128,544,0 338,436,371,468,0 366,461,405,498,0 397,488,437,526,0 431,513,470,547,0 579,234,598,270,0 568,343,588,377,0 554,439,573,477,0 591,318,611,360,0 611,323,633,366,0 599,422,620,462,0
C:\Users\Miron\Desktop\Yolo\OID\Dataset\train\car\MOS93.jpg 243,276,273,314,0 188,318,225,346,0 151,125,182,166,0 121,72,150,110,0 144,2,175,38,0 17,5,54,29,0 121,144,143,170,0 346,35,385,54,0 415,33,452,51,0 132,315,167,343,0 628,125,668,152,0 424,230,465,260,0 77,395,115,421,0 91,524,126,543,0 344,435,376,467,0 370,459,407,496,0 402,488,443,525,0 437,512,475,546,0 583,233,601,269,0 572,341,592,377,0 556,437,577,477,0 595,312,615,354,0 616,322,636,365,0 603,421,623,461,0
C:\Users\Miron\Desktop\Yolo\OID\Dataset\train\car\MunichStreet02-MOS74.jpg 161,98,182,137,0 294,241,317,281,0 346,200,386,238,0 158,314,179,349,0 15,182,56,197,0 561,103,603,122,0 533,81,571,97,0 488,78,523,94,0 439,75,477,93,0 933,107,976,128,0 885,102,920,119,0 878,130,916,149,0 695,133,733,150,0 834,99,871,115,0 794,98,826,113,0 751,96,789,112,0 692,91,729,107,0 1079,40,1096,76,0 1084,1,1099,27,0 1034,227,1074,244,0 421,230,462,246,0 467,229,508,244,0 548,228,583,241,0 591,228,627,243,0 637,231,674,247,0 687,234,730,251,0 735,236,769,253,0 790,241,825,255,0 829,239,855,257,0 856,244,900,260,0 913,247,954,264,0 1007,254,1038,270,0 0,153,39,172,0
C:\Users\Miron\Desktop\Yolo\OID\Dataset\train\car\MunichStreet02-MOS75.jpg 160,123,182,160,0 288,201,312,242,0 358,190,402,225,0 156,312,176,347,0 13,179,54,195,0 543,102,586,117,0 531,79,568,95,0 487,76,520,92,0 436,73,474,90,0 930,106,973,124,0 883,100,919,117,0 846,124,884,142,0 670,131,709,145,0 831,95,868,113,0 793,97,824,110,0 749,94,787,110,0 691,90,728,104,0 1148,59,1165,93,0 1077,39,1094,73,0 1083,0,1097,26,0 1042,225,1082,241,0 418,227,459,244,0 464,227,505,242,0 545,225,580,241,0 589,226,625,242,0 637,228,671,245,0 685,232,725,250,0 733,235,767,251,0 786,237,821,253,0 827,236,852,254,0 854,241,898,257,0 910,244,951,263,0 1004,251,1038,266,0 0,151,38,170,0
C:\Users\Miron\Desktop\Yolo\OID\Dataset\train\car\MunichStreet02-MOS77.jpg 161,182,183,218,0 272,116,298,158,0 394,183,438,209,0 153,314,171,348,0 117,0,137,33,0 11,181,52,198,0 510,101,551,118,0 526,81,564,96,0 482,78,516,93,0 432,74,469,91,0 925,107,969,126,0 879,100,914,118,0 783,121,821,138,0 619,128,657,145,0 827,97,863,114,0 789,97,820,112,0 744,95,783,111,0 686,91,723,106,0 1144,59,1162,93,0 1147,23,1166,55,0 1073,38,1089,76,0 1077,1,1092,26,0 1060,229,1099,244,0 415,229,456,245,0 461,228,501,243,0 541,226,576,241,0 583,227,620,243,0 633,228,667,246,0 681,232,724,250,0 729,235,762,253,0 783,239,817,253,0 824,239,848,256,0 851,242,893,258,0 906,245,946,263,0 1002,252,1033,269,0
C:\Users\Miron\Desktop\Yolo\OID\Dataset\train\car\MunichStreet02-MOS78.jpg 163,213,185,251,0 265,72,291,112,0 416,182,461,205,0 151,316,170,348,0 117,4,136,38,0 9,181,51,198,0 496,101,536,117,0 525,80,564,97,0 480,77,514,94,0 429,74,468,92,0 923,107,967,127,0 877,101,912,117,0 754,118,793,137,0 597,128,635,143,0 826,98,862,114,0 788,97,819,112,0 743,96,781,111,0 685,91,722,107,0 1142,59,1161,93,0 1146,23,1164,54,0 1070,40,1087,76,0 1077,1,1090,26,0 1068,230,1108,247,0 413,229,455,245,0 460,228,499,242,0 540,226,575,242,0 582,228,618,243,0 632,228,665,246,0 681,233,722,250,0 728,235,761,253,0 782,239,816,255,0 822,239,847,256,0 850,243,892,258,0 905,246,944,264,0 1000,252,1032,270,0
C:\Users\Miron\Desktop\Yolo\OID\Dataset\train\car\MunichStreet02-MOS80.jpg 172,280,193,318,0 471,183,513,201,0 152,315,169,349,0 114,11,133,47,0 10,183,49,199,0 288,276,308,308,0 470,100,510,116,0 523,81,562,97,0 478,78,512,95,0 428,75,466,94,0 922,108,964,127,0 876,102,910,119,0 702,115,740,132,0 557,126,595,141,0 824,99,859,114,0 785,98,817,113,0 741,96,778,113,0 683,92,721,107,0 1140,60,1158,94,0 1144,25,1162,54,0 1069,39,1086,76,0 1074,1,1088,27,0 1086,234,1125,257,0 412,229,453,247,0 459,228,498,244,0 539,227,573,242,0 581,229,617,244,0 631,230,664,247,0 679,234,720,251,0 726,236,760,254,0 781,240,815,256,0 820,241,844,257,0 849,243,891,261,0 903,248,943,265,0 998,253,1030,270,0
C:\Users\Miron\Desktop\Yolo\OID\Dataset\train\car\MunichStreet02-MOS81.jpg 174,315,194,353,0 498,184,541,202,0 149,315,167,349,0 114,15,132,50,0 8,182,48,199,0 281,234,301,269,0 458,99,497,115,0 520,80,557,98,0 475,78,510,94,0 426,75,464,93,0 919,107,962,126,0 873,101,907,117,0 677,111,715,129,0 538,123,576,141,0 821,98,856,114,0 782,97,814,113,0 739,96,776,112,0 680,91,718,107,0 1138,59,1154,94,0 1141,23,1159,54,0 1066,38,1083,76,0 1072,0,1085,27,0 1216,195,1257,217,0 1091,236,1130,262,0 410,229,451,246,0 457,229,496,244,0 537,226,571,241,0 580,228,615,243,0 629,228,662,247,0 677,233,718,250,0 725,236,758,253,0 779,238,813,255,0 819,240,843,256,0 847,243,889,260,0 901,246,940,264,0 996,252,1027,269,0
C:\Users\Miron\Desktop\Yolo\OID\Dataset\train\car\MunichStreet02-MOS82.jpg 528,186,571,203,0 150,315,166,349,0 114,18,132,55,0 8,183,48,199,0 276,191,294,225,0 295,351,314,376,0 448,98,489,114,0 519,80,558,98,0 475,78,507,94,0 424,73,463,93,0 918,108,961,126,0 871,100,906,119,0 654,110,692,128,0 522,122,561,139,0 820,98,856,115,0 781,96,813,112,0 738,96,777,111,0 679,91,717,107,0 1136,59,1154,94,0 1140,23,1157,54,0 1065,39,1082,76,0 1070,1,1083,27,0 1170,189,1211,209,0 1094,238,1133,265,0 410,229,450,246,0 457,229,495,244,0 536,227,571,242,0 579,228,614,243,0 628,229,661,247,0 676,233,717,251,0 725,236,757,253,0 778,238,813,255,0 818,240,842,256,0 847,243,888,261,0 901,246,938,264,0 995,252,1025,269,0
C:\Users\Miron\Desktop\Yolo\OID\Dataset\train\car\MunichStreet02-MOS84.jpg 595,189,636,207,0 147,317,164,351,0 109,30,128,65,0 7,184,46,201,0 261,101,281,134,0 287,286,305,318,0 432,100,472,116,0 517,82,556,100,0 472,80,505,97,0 422,76,460,94,0 915,109,958,129,0 868,103,903,120,0 612,111,648,127,0 494,123,532,139,0 817,100,853,117,0 778,98,811,115,0 735,98,773,113,0 676,93,716,109,0 1134,60,1151,94,0 1137,24,1154,55,0 1063,38,1078,76,0 1080,175,1119,196,0 1213,199,1246,218,0 1096,240,1136,270,0 408,232,447,248,0 454,231,493,247,0 534,229,568,243,0 577,230,610,245,0 625,232,658,248,0 673,234,713,252,0 721,238,755,256,0 775,241,810,258,0 815,242,839,258,0 843,244,886,260,0 899,248,937,266,0 993,252,1024,270,0
C:\Users\Miron\Desktop\Yolo\OID\Dataset\train\car\MunichStreet02-MOS85.jpg 632,189,673,207,0 149,316,165,350,0 108,32,128,68,0 9,184,47,199,0 257,51,276,84,0 283,252,303,284,0 428,99,468,115,0 518,82,557,98,0 472,79,506,95,0 422,75,460,93,0 916,106,959,127,0 870,100,904,117,0 592,108,629,124,0 485,121,523,137,0 819,99,853,114,0 779,97,812,114,0 735,97,773,112,0 677,92,715,108,0 1135,58,1149,93,0 1137,22,1153,54,0 1063,37,1079,75,0 1037,166,1077,188,0 1173,191,1207,210,0 1099,239,1136,269,0 409,230,448,247,0 455,229,492,245,0 534,226,569,243,0 577,228,613,245,0 626,231,660,248,0 675,234,716,250,0 724,237,755,253,0 777,239,812,254,0 818,240,841,255,0 847,242,887,258,0 900,246,937,263,0 994,251,1024,269,0
C:\Users\Miron\Desktop\Yolo\OID\Dataset\train\car\MunichStreet02-MOS87.jpg 708,190,749,207,0 148,315,163,349,0 96,46,123,83,0 6,184,45,200,0 271,182,290,213,0 315,339,333,374,0 419,97,458,112,0 513,80,555,97,0 470,77,502,95,0 420,75,459,92,0 912,107,954,125,0 866,100,900,117,0 552,105,589,121,0 466,119,502,135,0 816,98,850,113,0 777,96,809,112,0 733,96,771,110,0 674,91,712,107,0 1131,58,1147,91,0 1133,23,1149,54,0 1059,39,1075,75,0 951,155,993,176,0 1091,178,1125,197,0 1225,198,1271,221,0 1097,241,1133,269,0 406,229,446,245,0 454,228,490,244,0 534,227,566,241,0 577,228,610,243,0 624,229,658,245,0 672,233,712,249,0 721,235,753,253,0 775,238,809,255,0 815,239,839,255,0 843,243,881,257,0 896,246,935,263,0 991,251,1022,269,0
C:\Users\Miron\Desktop\Yolo\OID\Dataset\train\car\MunichStreet02-MOS88.jpg 749,192,789,209,0 147,315,163,349,0 91,52,121,88,0 9,183,46,198,0 266,143,287,175,0 312,315,330,351,0 289,338,309,373,0 416,96,455,113,0 513,79,553,97,0 470,78,502,94,0 420,75,457,90,0 913,107,953,126,0 865,99,900,117,0 535,104,572,120,0 459,119,496,134,0 816,97,849,113,0 776,95,808,112,0 733,95,771,110,0 674,90,712,107,0 1131,58,1145,91,0 1133,24,1150,54,0 1059,40,1074,75,0 911,151,953,172,0 1053,172,1087,191,0 1184,191,1230,213,0 1097,240,1134,269,0 406,228,445,245,0 454,228,490,244,0 533,225,565,242,0 576,228,609,244,0 624,229,657,245,0 671,232,712,249,0 721,236,752,252,0 774,238,808,254,0 814,240,838,254,0 843,243,883,258,0 895,246,935,264,0 991,251,1022,268,0
C:\Users\Miron\Desktop\Yolo\OID\Dataset\train\car\MunichStreet02-MOS89.jpg 787,193,828,212,0 146,316,161,349,0 79,63,110,96,0 7,185,45,199,0 258,106,278,138,0 308,294,326,332,0 282,299,303,336,0 413,97,452,113,0 512,81,550,98,0 468,79,500,94,0 418,76,456,93,0 910,107,952,127,0 864,101,897,118,0 515,103,552,121,0 451,119,488,135,0 813,98,847,114,0 774,97,806,114,0 730,96,769,112,0 671,92,710,108,0 1127,59,1144,93,0 1131,24,1146,54,0 1056,42,1073,75,0 872,148,913,167,0 1013,168,1046,186,0 1143,185,1187,209,0 1095,242,1131,270,0 404,230,443,247,0 452,229,488,245,0 530,227,564,243,0 574,227,607,245,0 623,230,654,247,0 670,234,709,250,0 718,235,749,253,0 773,239,805,255,0 814,241,835,255,0 841,243,881,259,0 894,247,932,264,0 989,253,1020,269,0
C:\Users\Miron\Desktop\Yolo\OID\Dataset\train\car\MunichStreet02-MOS92.jpg 910,199,951,218,0 148,317,163,351,0 36,86,70,106,0 114,21,134,58,0 10,185,47,199,0 311,247,330,285,0 268,177,289,214,0 413,97,453,114,0 513,82,552,99,0 469,78,501,95,0 418,76,456,93,0 910,109,951,127,0 863,102,897,119,0 480,102,516,118,0 437,119,473,136,0 814,99,846,115,0 773,98,806,114,0 731,97,769,112,0 672,93,711,108,0 1127,60,1143,93,0 1129,25,1145,55,0 768,138,808,156,0 909,155,943,172,0 1033,171,1078,192,0 1195,198,1238,220,0 1096,242,1131,270,0 405,231,444,247,0 454,230,489,246,0 531,228,564,244,0 572,228,607,246,0 623,231,654,248,0 671,234,710,251,0 720,237,750,255,0 774,240,806,255,0 812,241,836,256,0 843,244,881,260,0 895,247,933,264,0 990,254,1019,270,0
C:\Users\Miron\Desktop\Yolo\OID\Dataset\train\car\MunichStreet02-MOS93.jpg 949,200,989,218,0 146,315,161,349,0 16,87,49,102,0 106,31,131,68,0 142,0,159,31,0 9,182,46,198,0 309,234,333,275,0 261,132,281,169,0 411,96,451,112,0 511,80,548,97,0 466,77,500,94,0 418,75,454,91,0 909,107,949,125,0 861,100,894,118,0 470,99,506,116,0 430,117,466,133,0 811,97,845,114,0 772,96,804,111,0 728,95,767,110,0 670,91,708,106,0 1125,58,1141,91,0 1127,24,1143,53,0 735,134,775,152,0 876,150,910,167,0 997,164,1043,186,0 1150,191,1192,212,0 1094,240,1130,268,0 404,230,442,245,0 452,228,487,244,0 530,226,564,242,0 571,226,606,244,0 621,229,652,246,0 670,233,709,249,0 717,235,750,253,0 773,239,804,254,0 811,239,835,254,0 841,241,880,258,0 892,245,931,263,0 987,252,1018,270,0
